G4NDL
ENDF/B-VII.1
2
0
682
1e-05 20.4363
1.03125e-05 20.4363
1.0625e-05 20.4363
1.09375e-05 20.4363
1.125e-05 20.4363
1.15625e-05 20.4363
1.1875e-05 20.4363
1.21875e-05 20.4363
1.25e-05 20.4363
1.28125e-05 20.4363
1.3125e-05 20.4363
1.34375e-05 20.4363
1.375e-05 20.4363
1.4375e-05 20.4363
1.5e-05 20.4363
1.5625e-05 20.4363
1.625e-05 20.4363
1.6875e-05 20.4363
1.75e-05 20.4363
1.8125e-05 20.4363
1.875e-05 20.4363
1.9375e-05 20.4363
2e-05 20.4363
2.09375e-05 20.4363
2.1875e-05 20.4363
2.28125e-05 20.4363
2.375e-05 20.4363
2.46875e-05 20.4363
2.5625e-05 20.4363
2.65625e-05 20.4363
2.75e-05 20.4363
2.84375e-05 20.4363
2.9375e-05 20.4363
3.03125e-05 20.4363
3.125e-05 20.4363
3.21875e-05 20.4363
3.3125e-05 20.4363
3.40625e-05 20.4363
3.5e-05 20.4363
3.59375e-05 20.4363
3.6875e-05 20.4363
3.78125e-05 20.4363
3.875e-05 20.4363
3.96875e-05 20.4363
4.0625e-05 20.4363
4.25e-05 20.4363
4.4375e-05 20.4363
4.625e-05 20.4363
4.8125e-05 20.4363
5e-05 20.4363
5.15625e-05 20.4363
5.3125e-05 20.4363
5.46875e-05 20.4363
5.625e-05 20.4363
5.78125e-05 20.4363
5.9375e-05 20.4363
6.09375e-05 20.4363
6.25e-05 20.4363
6.40625e-05 20.4363
6.5625e-05 20.4363
6.71875e-05 20.4363
6.875e-05 20.4363
7.1875e-05 20.4363
7.5e-05 20.4363
7.8125e-05 20.4363
8.125e-05 20.4363
8.4375e-05 20.4363
8.75e-05 20.4363
9.0625e-05 20.4363
9.375e-05 20.4363
9.6875e-05 20.4363
0.0001 20.4363
0.000103125 20.4363
0.00010625 20.4363
0.000109375 20.4363
0.0001125 20.4363
0.000115625 20.4363
0.00011875 20.4363
0.000121875 20.4363
0.000125 20.4363
0.000128125 20.4363
0.00013125 20.4363
0.000134375 20.4363
0.0001375 20.4363
0.00014375 20.4363
0.00015 20.4363
0.00015625 20.4363
0.0001625 20.4363
0.00016875 20.4363
0.000175 20.4363
0.00018125 20.4363
0.0001875 20.4363
0.00019375 20.4363
0.0002 20.4363
0.000209375 20.4363
0.00021875 20.4363
0.000228125 20.4363
0.0002375 20.4363
0.000246875 20.4363
0.00025625 20.4363
0.000265625 20.4363
0.000275 20.4363
0.000284375 20.4363
0.00029375 20.4363
0.000303125 20.4363
0.0003125 20.4363
0.000321875 20.4363
0.00033125 20.4363
0.000340625 20.4363
0.00035 20.4363
0.000359375 20.4363
0.00036875 20.4363
0.000378125 20.4363
0.0003875 20.4363
0.000396875 20.4363
0.00040625 20.4363
0.000425 20.4363
0.00044375 20.4363
0.0004625 20.4363
0.00048125 20.4363
0.0005 20.4363
0.000515625 20.4363
0.00053125 20.4363
0.000546875 20.4363
0.0005625 20.4363
0.000578125 20.4363
0.00059375 20.4363
0.000609375 20.4363
0.000625 20.4363
0.000640625 20.4363
0.00065625 20.4363
0.000671875 20.4363
0.0006875 20.4363
0.00071875 20.4363
0.00075 20.4363
0.00078125 20.4363
0.0008125 20.4363
0.00084375 20.4363
0.000875 20.4363
0.00090625 20.4363
0.0009375 20.4363
0.00096875 20.4363
0.001 20.4363
0.00103125 20.4363
0.0010625 20.4363
0.00109375 20.4363
0.001125 20.4363
0.00115625 20.4363
0.0011875 20.4363
0.00121875 20.4363
0.00125 20.4363
0.00128125 20.4363
0.0013125 20.4363
0.00134375 20.4363
0.001375 20.4363
0.0014375 20.4363
0.0015 20.4363
0.0015625 20.4363
0.001625 20.4363
0.0016875 20.4363
0.00175 20.4363
0.0018125 20.4363
0.001875 20.4363
0.0019375 20.4363
0.002 20.4363
0.00209375 20.4363
0.0021875 20.4363
0.00228125 20.4363
0.002375 20.4363
0.00246875 20.4363
0.0025625 20.4363
0.00265625 20.4363
0.00275 20.4363
0.00284375 20.4363
0.0029375 20.4363
0.00303125 20.4363
0.003125 20.4363
0.00321875 20.4363
0.0033125 20.4363
0.00340625 20.4363
0.0035 20.4363
0.00359375 20.4363
0.0036875 20.4363
0.00378125 20.4363
0.003875 20.4363
0.00396875 20.4363
0.0040625 20.4363
0.00425 20.4363
0.0044375 20.4363
0.004625 20.4363
0.0048125 20.4363
0.005 20.4363
0.00515625 20.4363
0.0053125 20.4363
0.00546875 20.4363
0.005625 20.4363
0.00578125 20.4363
0.0059375 20.4363
0.00609375 20.4363
0.00625 20.4363
0.00640625 20.4363
0.0065625 20.4363
0.00671875 20.4363
0.006875 20.4363
0.0071875 20.4363
0.0075 20.4363
0.0078125 20.4363
0.008125 20.4363
0.0084375 20.4363
0.00875 20.4363
0.0090625 20.4363
0.009375 20.4363
0.0096875 20.4363
0.01 20.4363
0.0103125 20.4363
0.010625 20.4363
0.0109375 20.4363
0.01125 20.4363
0.0115625 20.4363
0.011875 20.4363
0.0121875 20.4363
0.0125 20.4363
0.0128125 20.4363
0.013125 20.4363
0.0134375 20.4363
0.01375 20.4363
0.014375 20.4363
0.015 20.4363
0.015625 20.4363
0.01625 20.4363
0.016875 20.4363
0.0175 20.4363
0.018125 20.4363
0.01875 20.4363
0.019375 20.4363
0.02 20.4363
0.0206625 20.4363
0.021325 20.4363
0.0219875 20.4363
0.02265 20.4363
0.0233125 20.4363
0.023975 20.4363
0.0246375 20.4363
0.0253 20.4363
0.0260719 20.4363
0.0268437 20.4363
0.0276156 20.4363
0.0283875 20.4363
0.0291594 20.4363
0.0299312 20.4363
0.0307031 20.4363
0.031475 20.4363
0.0322469 20.4363
0.0330187 20.4363
0.0345625 20.4363
0.0361062 20.4363
0.03765 20.4363
0.0391937 20.4363
0.0407375 20.4363
0.0422812 20.4363
0.043825 20.4363
0.0453687 20.4363
0.0469125 20.4363
0.0484562 20.4363
0.05 20.4363
0.0515625 20.4363
0.053125 20.4363
0.0546875 20.4363
0.05625 20.4363
0.0578125 20.4363
0.059375 20.4363
0.0609375 20.4363
0.0625 20.4363
0.0640625 20.4363
0.065625 20.4363
0.0671875 20.4363
0.06875 20.4363
0.071875 20.4363
0.075 20.4363
0.078125 20.4363
0.08125 20.4363
0.084375 20.4363
0.0875 20.4363
0.090625 20.4363
0.09375 20.4363
0.096875 20.4363
0.1 20.4363
0.103125 20.4363
0.10625 20.4363
0.109375 20.4363
0.1125 20.4363
0.115625 20.4363
0.11875 20.4363
0.121875 20.4363
0.125 20.4363
0.128125 20.4363
0.13125 20.4363
0.134375 20.4363
0.1375 20.4363
0.14375 20.4363
0.15 20.4363
0.15625 20.4363
0.1625 20.4363
0.16875 20.4363
0.175 20.4363
0.18125 20.4363
0.1875 20.4363
0.19375 20.4363
0.2 20.4363
0.209375 20.4363
0.21875 20.4363
0.228125 20.4363
0.2375 20.4363
0.246875 20.4363
0.25625 20.4363
0.265625 20.4363
0.275 20.4363
0.284375 20.4363
0.29375 20.4363
0.303125 20.4363
0.3125 20.4363
0.321875 20.4363
0.33125 20.4363
0.340625 20.4363
0.35 20.4363
0.359375 20.4363
0.36875 20.4363
0.378125 20.4363
0.3875 20.4363
0.396875 20.4363
0.40625 20.4363
0.425 20.4363
0.44375 20.4363
0.4625 20.4363
0.48125 20.4363
0.5 20.4363
0.53125 20.4363
0.5625 20.4363
0.59375 20.4363
0.625 20.4363
0.65625 20.4363
0.6875 20.4362
0.71875 20.4362
0.75 20.4362
0.78125 20.4362
0.8125 20.4362
0.84375 20.4362
0.875 20.4362
0.9375 20.4362
1 20.4362
1.0625 20.4362
1.125 20.4362
1.1875 20.4362
1.25 20.4362
1.3125 20.4362
1.375 20.4362
1.4375 20.4361
1.5 20.4361
1.5625 20.4361
1.625 20.4361
1.6875 20.4361
1.75 20.4361
1.875 20.4361
2 20.4361
2.09375 20.4361
2.1875 20.436
2.28125 20.436
2.375 20.436
2.46875 20.436
2.5625 20.436
2.65625 20.436
2.75 20.436
2.9375 20.4359
3.125 20.4359
3.3125 20.4359
3.5 20.4359
3.6875 20.4358
3.875 20.4358
4.0625 20.4358
4.25 20.4358
4.4375 20.4357
4.625 20.4357
4.8125 20.4357
5 20.4357
5.3125 20.4356
5.625 20.4356
5.9375 20.4355
6.25 20.4355
6.5625 20.4354
6.875 20.4354
7.1875 20.4354
7.5 20.4353
7.8125 20.4353
8.125 20.4352
8.4375 20.4352
8.75 20.4352
9.375 20.4351
10 20.435
10.625 20.4349
11.25 20.4348
11.875 20.4347
12.5 20.4347
13.125 20.4346
13.75 20.4345
14.375 20.4344
15 20.4343
15.625 20.4342
16.25 20.4341
16.875 20.4341
17.5 20.434
18.75 20.4338
20 20.4336
20.9375 20.4335
21.875 20.4334
22.8125 20.4333
23.75 20.4331
24.6875 20.433
25.625 20.4329
26.5625 20.4328
27.5 20.4326
29.375 20.4324
31.25 20.4321
33.125 20.4319
35 20.4316
36.875 20.4314
38.75 20.4311
40.625 20.4309
42.5 20.4306
44.375 20.4304
46.25 20.4301
48.125 20.4298
50 20.4296
53.125 20.4292
56.25 20.4288
59.375 20.4283
62.5 20.4279
65.625 20.4275
68.75 20.4271
71.875 20.4267
75 20.4262
78.125 20.4258
81.25 20.4254
84.375 20.425
87.5 20.4246
93.75 20.4237
100 20.4229
106.25 20.422
112.5 20.4212
118.75 20.4204
125 20.4195
131.25 20.4187
137.5 20.4178
143.75 20.417
150 20.4162
156.25 20.4153
162.5 20.4145
168.75 20.4136
175 20.4128
187.5 20.4111
200 20.4094
209.375 20.4082
218.75 20.4069
228.125 20.4057
237.5 20.4044
246.875 20.4032
256.25 20.4019
265.625 20.4006
275 20.3994
293.75 20.3969
312.5 20.3944
331.25 20.3919
350 20.3894
368.75 20.3868
387.5 20.3843
406.25 20.3818
425 20.3793
443.75 20.3768
462.5 20.3743
481.25 20.3718
500 20.3693
531.25 20.3651
562.5 20.3609
593.75 20.3568
625 20.3526
656.25 20.3485
687.5 20.3443
718.75 20.3401
750 20.336
781.25 20.3318
812.5 20.3276
843.75 20.3235
875 20.3193
937.5 20.311
1000 20.3027
1062.5 20.2945
1125 20.2862
1187.5 20.278
1250 20.2698
1312.5 20.2615
1375 20.2533
1437.5 20.2451
1500 20.2369
1562.5 20.2286
1625 20.2204
1687.5 20.2122
1750 20.204
1875 20.1875
2000 20.1711
2125 20.1549
2250 20.1389
2375 20.1228
2500 20.1067
2625 20.0906
2750 20.0745
2875 20.0584
3000 20.0423
3125 20.0262
3250 20.0101
3375 19.994
3500 19.9779
3750 19.9457
4000 19.9135
4250 19.8823
4500 19.851
4750 19.8197
5000 19.7885
5250 19.7572
5500 19.7259
5750 19.6947
6000 19.6634
6250 19.633
6500 19.6027
6750 19.5723
7000 19.5419
7500 19.4811
8000 19.4204
8500 19.3614
9000 19.3023
9500 19.2432
10000 19.1842
10625 19.1138
11250 19.0435
11875 18.9732
12500 18.9029
13125 18.8325
13750 18.7622
14375 18.6919
15000 18.6216
15625 18.5558
16250 18.4901
16875 18.4244
17500 18.3586
18750 18.2271
20000 18.0957
21250 17.9832
22500 17.8707
23750 17.7582
25000 17.6456
26250 17.5331
27500 17.4206
28750 17.3081
30000 17.1956
31250 17.0831
32500 16.9706
33750 16.8581
35000 16.7456
37500 16.5206
40000 16.2955
42500 16.117
45000 15.9385
47500 15.7599
50000 15.5814
52500 15.4029
55000 15.2243
57500 15.0458
60000 14.8673
62500 14.7221
65000 14.5769
67500 14.4317
70000 14.2866
75000 13.9962
80000 13.7058
85000 13.4649
90000 13.2241
95000 12.9832
100000 12.7423
106250 12.5149
112500 12.2876
118750 12.0602
125000 11.8329
131250 11.6055
137500 11.3781
143750 11.1508
150000 10.9234
156250 10.7634
162500 10.6033
168750 10.4433
175000 10.2833
187500 9.96323
200000 9.64318
212500 9.43177
225000 9.22037
237500 9.00897
250000 8.79756
262500 8.58616
275000 8.37476
287500 8.16335
300000 7.95195
312500 7.81751
325000 7.68307
337500 7.54862
350000 7.41418
375000 7.1453
400000 6.87641
425000 6.68867
450000 6.50093
475000 6.31319
500000 6.12545
525000 5.9858
550000 5.84616
575000 5.70652
600000 5.56688
625000 5.45816
650000 5.34945
675000 5.24073
700000 5.13201
750000 4.95679
800000 4.78157
850000 4.63652
900000 4.49147
950000 4.36879
1e+06 4.2461
1.2e+06 3.85045
1.4e+06 3.54175
1.6e+06 3.29131
1.8e+06 3.08219
2e+06 2.90365
2.2e+06 2.74854
2.4e+06 2.61192
2.6e+06 2.4902
2.8e+06 2.38074
3e+06 2.28152
3.2e+06 2.19099
3.4e+06 2.10792
3.6e+06 2.0313
3.8e+06 1.96033
4e+06 1.89435
4.2e+06 1.83279
4.4e+06 1.77518
4.6e+06 1.72112
4.8e+06 1.67026
5e+06 1.62232
5.5e+06 1.51355
6e+06 1.41816
6.5e+06 1.33371
7e+06 1.25837
7.5e+06 1.1907
8e+06 1.12956
8.5e+06 1.07405
9e+06 1.02341
9.5e+06 0.977035
1e+07 0.934397
1.05e+07 0.895069
1.1e+07 0.85868
1.15e+07 0.824915
1.2e+07 0.793504
1.25e+07 0.764211
1.3e+07 0.736831
1.35e+07 0.711185
1.4e+07 0.687114
1.45e+07 0.66448
1.5e+07 0.643159
1.55e+07 0.62304
1.6e+07 0.604026
1.65e+07 0.586029
1.7e+07 0.568969
1.75e+07 0.552776
1.8e+07 0.537384
1.85e+07 0.522736
1.9e+07 0.508778
1.95e+07 0.495463
2e+07 0.482746
