1e-05 6.15388
1.03125e-05 6.15388
1.0625e-05 6.15388
1.09375e-05 6.15388
1.125e-05 6.15388
1.15625e-05 6.15388
1.1875e-05 6.15388
1.21875e-05 6.15388
1.25e-05 6.15388
1.28125e-05 6.15388
1.3125e-05 6.15388
1.34375e-05 6.15388
1.375e-05 6.15388
1.4375e-05 6.15388
1.5e-05 6.15388
1.5625e-05 6.15388
1.625e-05 6.15388
1.6875e-05 6.15388
1.75e-05 6.15388
1.8125e-05 6.15388
1.875e-05 6.15388
1.9375e-05 6.15388
2e-05 6.15388
2.09375e-05 6.15388
2.1875e-05 6.15388
2.28125e-05 6.15388
2.375e-05 6.15388
2.46875e-05 6.15388
2.5625e-05 6.15388
2.65625e-05 6.15388
2.75e-05 6.15388
2.84375e-05 6.15388
2.9375e-05 6.15388
3.03125e-05 6.15388
3.125e-05 6.15388
3.21875e-05 6.15388
3.3125e-05 6.15388
3.40625e-05 6.15388
3.5e-05 6.15388
3.59375e-05 6.15388
3.6875e-05 6.15388
3.78125e-05 6.15388
3.875e-05 6.15388
3.96875e-05 6.15388
4.0625e-05 6.15388
4.25e-05 6.15388
4.4375e-05 6.15388
4.625e-05 6.15388
4.8125e-05 6.15388
5e-05 6.15388
5.15625e-05 6.15388
5.3125e-05 6.15388
5.46875e-05 6.15388
5.625e-05 6.15388
5.78125e-05 6.15388
5.9375e-05 6.15388
6.09375e-05 6.15388
6.25e-05 6.15388
6.40625e-05 6.15388
6.5625e-05 6.15388
6.71875e-05 6.15388
6.875e-05 6.15388
7.1875e-05 6.15388
7.5e-05 6.15388
7.8125e-05 6.15388
8.125e-05 6.15388
8.4375e-05 6.15388
8.75e-05 6.15388
9.0625e-05 6.15388
9.375e-05 6.15388
9.6875e-05 6.15388
0.0001 6.15388
0.000103125 6.15388
0.00010625 6.15388
0.000109375 6.15388
0.0001125 6.15388
0.000115625 6.15388
0.00011875 6.15388
0.000121875 6.15388
0.000125 6.15388
0.000128125 6.15388
0.00013125 6.15388
0.000134375 6.15388
0.0001375 6.15388
0.00014375 6.15388
0.00015 6.15388
0.00015625 6.15388
0.0001625 6.15388
0.00016875 6.15388
0.000175 6.15388
0.00018125 6.15388
0.0001875 6.15388
0.00019375 6.15388
0.0002 6.15388
0.000209375 6.15388
0.00021875 6.15388
0.000228125 6.15388
0.0002375 6.15388
0.000246875 6.15388
0.00025625 6.15388
0.000265625 6.15388
0.000275 6.15388
0.000284375 6.15388
0.00029375 6.15388
0.000303125 6.15388
0.0003125 6.15388
0.000321875 6.15388
0.00033125 6.15388
0.000340625 6.15388
0.00035 6.15388
0.000359375 6.15388
0.00036875 6.15388
0.000378125 6.15388
0.0003875 6.15388
0.000396875 6.15388
0.00040625 6.15388
0.000425 6.15388
0.00044375 6.15388
0.0004625 6.15388
0.00048125 6.15388
0.0005 6.15388
0.000515625 6.15388
0.00053125 6.15388
0.000546875 6.15388
0.0005625 6.15387
0.000578125 6.15387
0.00059375 6.15387
0.000609375 6.15387
0.000625 6.15387
0.000640625 6.15387
0.00065625 6.15387
0.000671875 6.15387
0.0006875 6.15387
0.00071875 6.15387
0.00075 6.15387
0.00078125 6.15387
0.0008125 6.15387
0.00084375 6.15387
0.000875 6.15387
0.00090625 6.15387
0.0009375 6.15387
0.00096875 6.15387
0.001 6.15387
0.00103125 6.15387
0.0010625 6.15387
0.00109375 6.15387
0.001125 6.15387
0.00115625 6.15387
0.0011875 6.15387
0.00121875 6.15387
0.00125 6.15387
0.00128125 6.15387
0.0013125 6.15387
0.00134375 6.15387
0.001375 6.15387
0.0014375 6.15387
0.0015 6.15387
0.0015625 6.15387
0.001625 6.15387
0.0016875 6.15387
0.00175 6.15387
0.0018125 6.15387
0.001875 6.15387
0.0019375 6.15387
0.002 6.15387
0.00209375 6.15387
0.0021875 6.15387
0.00228125 6.15387
0.002375 6.15387
0.00246875 6.15387
0.0025625 6.15387
0.00265625 6.15387
0.00275 6.15387
0.00284375 6.15387
0.0029375 6.15387
0.00303125 6.15387
0.003125 6.15387
0.00321875 6.15387
0.0033125 6.15387
0.00340625 6.15387
0.0035 6.15387
0.00359375 6.15387
0.0036875 6.15387
0.00378125 6.15387
0.003875 6.15387
0.00396875 6.15387
0.0040625 6.15387
0.00425 6.15387
0.0044375 6.15387
0.004625 6.15387
0.0048125 6.15387
0.005 6.15387
0.00515625 6.15387
0.0053125 6.15387
0.00546875 6.15387
0.005625 6.15388
0.00578125 6.15388
0.0059375 6.15388
0.00609375 6.15388
0.00625 6.15388
0.00640625 6.15388
0.0065625 6.15388
0.00671875 6.15388
0.006875 6.15388
0.0071875 6.15388
0.0075 6.15388
0.0078125 6.15388
0.008125 6.15388
0.0084375 6.15388
0.00875 6.15388
0.0090625 6.15388
0.009375 6.15388
0.0096875 6.15388
0.01 6.15388
0.0103125 6.15388
0.010625 6.15388
0.0109375 6.15388
0.01125 6.15388
0.0115625 6.15388
0.011875 6.15388
0.0121875 6.15388
0.0125 6.15388
0.0128125 6.15388
0.013125 6.15388
0.0134375 6.15388
0.01375 6.15388
0.014375 6.15388
0.015 6.15388
0.015625 6.15388
0.01625 6.15388
0.016875 6.15388
0.0175 6.15388
0.018125 6.15388
0.01875 6.15388
0.019375 6.15388
0.02 6.15388
0.0206625 6.15388
0.021325 6.15388
0.0219875 6.15388
0.02265 6.15388
0.0233125 6.15388
0.023975 6.15388
0.0246375 6.15388
0.0253 6.15388
0.0260719 6.15388
0.0268437 6.15388
0.0276156 6.15388
0.0283875 6.15388
0.0291594 6.15388
0.0299312 6.15388
0.0307031 6.15388
0.031475 6.15388
0.0322469 6.15388
0.0330187 6.15388
0.0345625 6.15388
0.0361062 6.15388
0.03765 6.15388
0.0391937 6.15388
0.0407375 6.15388
0.0422812 6.15388
0.043825 6.15388
0.0453687 6.15388
0.0469125 6.15388
0.0484562 6.15388
0.05 6.15388
0.0515625 6.15388
0.053125 6.15388
0.0546875 6.15388
0.05625 6.15388
0.0578125 6.15388
0.059375 6.15388
0.0609375 6.15388
0.0625 6.15388
0.0640625 6.15387
0.065625 6.15387
0.0671875 6.15387
0.06875 6.15387
0.071875 6.15387
0.075 6.15387
0.078125 6.15387
0.08125 6.15387
0.084375 6.15387
0.0875 6.15387
0.090625 6.15387
0.09375 6.15387
0.096875 6.15387
0.1 6.15387
0.103125 6.15387
0.10625 6.15387
0.109375 6.15387
0.1125 6.15387
0.115625 6.15387
0.11875 6.15387
0.121875 6.15387
0.125 6.15387
0.128125 6.15387
0.13125 6.15387
0.134375 6.15387
0.1375 6.15387
0.14375 6.15387
0.15 6.15387
0.15625 6.15387
0.1625 6.15387
0.16875 6.15387
0.175 6.15387
0.18125 6.15387
0.1875 6.15387
0.19375 6.15387
0.2 6.15387
0.209375 6.15387
0.21875 6.15387
0.228125 6.15387
0.2375 6.15387
0.246875 6.15387
0.25625 6.15387
0.265625 6.15387
0.275 6.15387
0.284375 6.15387
0.29375 6.15387
0.303125 6.15387
0.3125 6.15387
0.321875 6.15387
0.33125 6.15387
0.340625 6.15387
0.35 6.15387
0.359375 6.15387
0.36875 6.15387
0.378125 6.15387
0.3875 6.15387
0.396875 6.15387
0.40625 6.15387
0.425 6.15387
0.44375 6.15387
0.4625 6.15387
0.48125 6.15387
0.5 6.15387
0.53125 6.15387
0.5625 6.15387
0.59375 6.15387
0.625 6.15387
0.65625 6.15387
0.6875 6.15387
0.71875 6.15387
0.75 6.15387
0.78125 6.15387
0.8125 6.15387
0.84375 6.15387
0.875 6.15387
0.9375 6.15387
1 6.15386
1.0625 6.15386
1.125 6.15386
1.1875 6.15386
1.25 6.15386
1.3125 6.15386
1.375 6.15386
1.4375 6.15386
1.5 6.15386
1.5625 6.15386
1.625 6.15386
1.6875 6.15386
1.75 6.15386
1.875 6.15386
2 6.15386
2.09375 6.15385
2.1875 6.15385
2.28125 6.15385
2.375 6.15385
2.46875 6.15385
2.5625 6.15385
2.65625 6.15385
2.75 6.15385
2.9375 6.15384
3.125 6.15384
3.3125 6.15384
3.5 6.15384
3.6875 6.15384
3.875 6.15383
4.0625 6.15383
4.25 6.15383
4.4375 6.15383
4.625 6.15383
4.8125 6.15383
5 6.15382
5.3125 6.15382
5.625 6.15382
5.9375 6.15381
6.25 6.15381
6.5625 6.15381
6.875 6.1538
7.1875 6.1538
7.5 6.1538
7.8125 6.15379
8.125 6.15379
8.4375 6.15379
8.75 6.15379
9.375 6.15378
10 6.15377
10.625 6.15377
11.25 6.15376
11.875 6.15375
12.5 6.15375
13.125 6.15374
13.75 6.15373
14.375 6.15373
15 6.15372
15.625 6.15371
16.25 6.15371
16.875 6.1537
17.5 6.15369
18.75 6.15368
20 6.15367
20.9375 6.15366
21.875 6.15365
22.8125 6.15364
23.75 6.15363
24.6875 6.15362
25.625 6.15361
26.5625 6.1536
27.5 6.15359
29.375 6.15357
31.25 6.15355
33.125 6.15353
35 6.15351
36.875 6.1535
38.75 6.15348
40.625 6.15346
42.5 6.15344
44.375 6.15342
46.25 6.1534
48.125 6.15338
50 6.15336
53.125 6.15333
56.25 6.15329
59.375 6.15326
62.5 6.15323
65.625 6.1532
68.75 6.15317
71.875 6.15313
75 6.1531
78.125 6.15307
81.25 6.15304
84.375 6.153
87.5 6.15297
93.75 6.15291
100 6.15284
106.25 6.15278
112.5 6.15271
118.75 6.15265
125 6.15259
131.25 6.15252
137.5 6.15246
143.75 6.15239
150 6.15233
156.25 6.15226
162.5 6.1522
168.75 6.15214
175 6.15207
187.5 6.15194
200 6.15181
209.375 6.15172
218.75 6.15162
228.125 6.15152
237.5 6.15143
246.875 6.15133
256.25 6.15123
265.625 6.15114
275 6.15104
293.75 6.15085
312.5 6.15065
331.25 6.15046
350 6.15027
368.75 6.15007
387.5 6.14988
406.25 6.14969
425 6.14949
443.75 6.1493
462.5 6.14911
481.25 6.14891
500 6.14872
531.25 6.1484
562.5 6.14808
593.75 6.14776
625 6.14743
656.25 6.14711
687.5 6.14679
718.75 6.14647
750 6.14615
781.25 6.14582
812.5 6.1455
843.75 6.14518
875 6.14486
937.5 6.14421
1000 6.14357
1062.5 6.14294
1125 6.1423
1187.5 6.14167
1250 6.14103
1312.5 6.1404
1375 6.13976
1437.5 6.13913
1500 6.1385
1562.5 6.13786
1625 6.13723
1687.5 6.13659
1750 6.13596
1875 6.13469
2000 6.13342
2093.75 6.13247
2187.5 6.13152
2281.25 6.13057
2375 6.12962
2468.75 6.12867
2562.5 6.12771
2656.25 6.12676
2750 6.12581
2937.5 6.12391
3125 6.12201
3312.5 6.1201
3500 6.1182
3687.5 6.1163
3875 6.1144
4062.5 6.11249
4250 6.11059
4437.5 6.10869
4625 6.10679
4812.5 6.10488
5000 6.10298
5312.5 6.09981
5625 6.09664
5937.5 6.09347
6250 6.0903
6562.5 6.08712
6875 6.08395
7187.5 6.08078
7500 6.07761
7812.5 6.07444
8125 6.07127
8437.5 6.0681
8750 6.06493
9375 6.05858
10000 6.05224
10625 6.04635
11250 6.04046
11875 6.03456
12500 6.02867
13125 6.02278
13750 6.01689
14375 6.011
15000 6.0051
15625 5.99921
16250 5.99332
16875 5.98743
17500 5.98154
18750 5.96975
20000 5.95797
20937.5 5.94913
21875 5.94029
22812.5 5.93145
23750 5.92261
24687.5 5.91377
25625 5.90494
26562.5 5.8961
27500 5.88726
29375 5.86958
31250 5.85191
33125 5.83423
35000 5.81655
36875 5.79887
38750 5.7812
40000 5.76941
40625 5.76352
42500 5.74585
44375 5.72817
46250 5.71049
48125 5.69282
50000 5.67514
53125 5.6493
56250 5.62346
59375 5.59762
60000 5.59246
62500 5.57179
65625 5.54595
68750 5.52011
71875 5.49427
75000 5.46843
78125 5.44259
80000 5.42709
81250 5.41676
84375 5.39092
87500 5.36508
93750 5.3134
100000 5.26173
106250 5.21681
112500 5.17189
118750 5.12697
125000 5.08205
131250 5.03713
137500 4.99221
143750 4.94729
150000 4.90237
156250 4.86315
162500 4.82393
168750 4.78471
175000 4.74549
187500 4.66705
200000 4.58861
212500 4.51999
225000 4.45137
237500 4.38275
250000 4.31413
262500 4.25419
275000 4.19424
287500 4.13429
300000 4.07435
312500 4.02231
325000 3.97027
337500 3.91823
350000 3.86619
375000 3.77721
400000 3.68823
410000 3.65629
420000 3.62561
430000 3.59622
440000 3.56818
450000 3.54155
460000 3.51643
470000 3.49293
480000 3.47125
490000 3.45161
500000 3.43438
510000 3.42011
520000 3.40959
530000 3.40414
540000 3.4059
550000 3.41864
560000 3.44934
570000 3.51207
580000 3.63785
590000 3.90353
600000 4.71015
605000 5.11346
610000 6.00606
615000 7.09777
616000 7.29414
617000 7.46592
618000 7.60508
619000 7.70458
620000 7.7593
621000 7.76672
622000 7.72723
623000 7.64406
624000 7.52276
625000 7.37037
630000 6.39863
635000 5.51131
640000 4.88082
645000 4.45784
650000 4.17203
655000 3.97372
660000 3.83192
665000 3.72758
667153 3.69107
667153 3.69107
670000 3.64878
675000 3.58812
680000 3.54053
685000 3.50263
690000 3.4721
695000 3.44726
700000 3.42694
705000 3.41024
710000 3.3965
715000 3.38522
720000 3.376
725000 3.36854
730000 3.36262
735000 3.35805
740000 3.3547
745000 3.35247
750000 3.35132
755000 3.35124
760000 3.3523
765000 3.35469
770000 3.35875
775000 3.36516
780000 3.37525
785000 3.39183
790000 3.42145
795000 3.48175
800000 3.63196
801000 3.68745
802000 3.75865
803000 3.8513
804000 3.97349
805000 4.13617
806000 4.35315
807000 4.638
808000 4.99323
809000 5.38521
810000 5.71528
811000 5.84463
812000 5.71103
813000 5.39608
814000 5.0327
815000 4.70513
816000 4.44008
817000 4.23482
818000 4.07788
819000 3.95759
820000 3.86453
825000 3.61858
830000 3.52398
835000 3.4793
840000 3.4554
845000 3.4416
860000 3.42495
870000 3.42181
880000 3.42068
890000 3.4201
900000 3.41928
950000 3.39906
1e+06 3.34016
1.05e+06 3.24247
1.1e+06 3.11585
1.15e+06 2.97316
1.2e+06 2.82577
1.3e+06 2.54398
1.4e+06 2.29857
1.5e+06 2.09402
1.6e+06 1.92611
1.74883e+06 1.7378
1.74883e+06 1.7378
1.8e+06 1.68932
1.9e+06 1.621
2e+06 1.59801
2.1e+06 1.6359
2.2e+06 1.74674
2.3e+06 1.91127
2.4e+06 2.10771
2.5e+06 2.40108
2.6e+06 2.74276
2.65e+06 3.15757
2.7e+06 3.95067
2.71e+06 4.05266
2.72e+06 4.09901
2.73e+06 4.08877
2.74e+06 4.03392
2.75e+06 3.95208
2.76e+06 3.85928
2.77e+06 3.76651
2.8e+06 3.5316
2.9e+06 3.07415
3e+06 2.73434
3.1e+06 2.42091
3.2e+06 2.19117
3.3e+06 2.01476
3.4e+06 1.88298
3.5e+06 1.77532
3.6e+06 1.69359
3.7e+06 1.62215
3.8e+06 1.55627
3.9e+06 1.48975
4e+06 1.41513
4.1e+06 1.29666
4.2e+06 1.26937
4.3e+06 1.35277
4.4e+06 1.36383
4.5e+06 1.3524
4.6e+06 1.33625
4.7e+06 1.31966
4.8e+06 1.30378
4.9e+06 1.28988
5e+06 1.27707
5.1e+06 1.26512
5.2e+06 1.25418
5.3e+06 1.24415
5.4e+06 1.23497
5.5e+06 1.22
5.9e+06 1.2
6e+06 1.19333
6.25e+06 1.17666
6.45e+06 1.16333
6.5e+06 1.16
7e+06 1.135
7.1e+06 1.13
7.5e+06 1.12
8e+06 1.14
8.4e+06 1.16
9e+06 1.14286
9.1e+06 1.14
9.5e+06 1.15
1e+07 1.14
1.07e+07 1.112
1.1e+07 1.1
1.16085e+07 1.07567
1.16085e+07 1.07567
1.2e+07 1.05899
1.214e+07 1.05525
1.214e+07 1.05525
1.25e+07 1.04589
1.3e+07 1.03334
1.31e+07 1.03123
1.33e+07 1.02726
1.36e+07 1.01973
1.4e+07 1.01075
1.4266e+07 0.99852
1.4266e+07 0.998519
1.45e+07 0.987835
1.465e+07 0.981021
1.5e+07 0.965249
1.52e+07 0.955305
1.565e+07 0.932905
1.595e+07 0.918187
1.6e+07 0.915803
1.63008e+07 0.901134
1.63008e+07 0.901133
1.65e+07 0.892038
1.655e+07 0.892733
1.67e+07 0.89484
1.695e+07 0.89688
1.7e+07 0.897202
1.71e+07 0.899235
1.735e+07 0.904489
1.785e+07 0.919675
1.8e+07 0.922998
1.82e+07 0.920091
1.85e+07 0.916323
1.89e+07 0.909675
1.9e+07 0.90808
1.95e+07 0.901665
2e+07 0.89558
