G4NDL
ENDF/B-VII.1
2
0
1545
1e-05 4.73918
1.03125e-05 4.73918
1.0625e-05 4.73918
1.09375e-05 4.73918
1.125e-05 4.73918
1.15625e-05 4.73918
1.1875e-05 4.73918
1.21875e-05 4.73918
1.25e-05 4.73918
1.28125e-05 4.73918
1.3125e-05 4.73918
1.34375e-05 4.73918
1.375e-05 4.73918
1.4375e-05 4.73918
1.5e-05 4.73918
1.5625e-05 4.73918
1.625e-05 4.73918
1.6875e-05 4.73918
1.75e-05 4.73918
1.8125e-05 4.73918
1.875e-05 4.73918
1.9375e-05 4.73918
2e-05 4.73918
2.09375e-05 4.73918
2.1875e-05 4.73918
2.28125e-05 4.73918
2.375e-05 4.73918
2.46875e-05 4.73918
2.5625e-05 4.73918
2.65625e-05 4.73918
2.75e-05 4.73918
2.84375e-05 4.73918
2.9375e-05 4.73918
3.03125e-05 4.73918
3.125e-05 4.73918
3.21875e-05 4.73918
3.3125e-05 4.73918
3.40625e-05 4.73918
3.5e-05 4.73918
3.59375e-05 4.73918
3.6875e-05 4.73918
3.78125e-05 4.73918
3.875e-05 4.73918
3.96875e-05 4.73918
4.0625e-05 4.73918
4.25e-05 4.73918
4.4375e-05 4.73918
4.625e-05 4.73918
4.8125e-05 4.73918
5e-05 4.73918
5.15625e-05 4.73918
5.3125e-05 4.73918
5.46875e-05 4.73918
5.625e-05 4.73918
5.78125e-05 4.73918
5.9375e-05 4.73918
6.09375e-05 4.73918
6.25e-05 4.73918
6.40625e-05 4.73918
6.5625e-05 4.73918
6.71875e-05 4.73918
6.875e-05 4.73918
7.1875e-05 4.73918
7.5e-05 4.73918
7.8125e-05 4.73918
8.125e-05 4.73918
8.4375e-05 4.73918
8.75e-05 4.73918
9.0625e-05 4.73918
9.375e-05 4.73918
9.6875e-05 4.73918
0.0001 4.73918
0.000103125 4.73918
0.00010625 4.73918
0.000109375 4.73918
0.0001125 4.73918
0.000115625 4.73918
0.00011875 4.73918
0.000121875 4.73918
0.000125 4.73918
0.000128125 4.73918
0.00013125 4.73918
0.000134375 4.73918
0.0001375 4.73918
0.00014375 4.73918
0.00015 4.73918
0.00015625 4.73918
0.0001625 4.73918
0.00016875 4.73918
0.000175 4.73918
0.00018125 4.73918
0.0001875 4.73918
0.00019375 4.73918
0.0002 4.73918
0.000209375 4.73918
0.00021875 4.73918
0.000228125 4.73918
0.0002375 4.73918
0.000246875 4.73918
0.00025625 4.73918
0.000265625 4.73918
0.000275 4.73918
0.000284375 4.73918
0.00029375 4.73918
0.000303125 4.73918
0.0003125 4.73919
0.000321875 4.73919
0.00033125 4.73919
0.000340625 4.73919
0.00035 4.73919
0.000359375 4.73919
0.00036875 4.73919
0.000378125 4.73919
0.0003875 4.73919
0.000396875 4.73919
0.00040625 4.73919
0.000425 4.73919
0.00044375 4.73919
0.0004625 4.73919
0.00048125 4.73919
0.0005 4.73919
0.000515625 4.73919
0.00053125 4.73919
0.000546875 4.73919
0.0005625 4.73919
0.000578125 4.73919
0.00059375 4.73919
0.000609375 4.73919
0.000625 4.73919
0.000640625 4.73919
0.00065625 4.73919
0.000671875 4.73919
0.0006875 4.73919
0.00071875 4.73919
0.00075 4.73919
0.00078125 4.73919
0.0008125 4.73919
0.00084375 4.73919
0.000875 4.7392
0.00090625 4.7392
0.0009375 4.7392
0.00096875 4.7392
0.001 4.7392
0.00103125 4.7392
0.0010625 4.7392
0.00109375 4.7392
0.001125 4.7392
0.00115625 4.7392
0.0011875 4.7392
0.00121875 4.7392
0.00125 4.7392
0.00128125 4.7392
0.0013125 4.7392
0.00134375 4.7392
0.001375 4.7392
0.0014375 4.7392
0.0015 4.7392
0.0015625 4.7392
0.001625 4.7392
0.0016875 4.7392
0.00175 4.7392
0.0018125 4.7392
0.001875 4.7392
0.0019375 4.7392
0.002 4.7392
0.00209375 4.7392
0.0021875 4.7392
0.00228125 4.7392
0.002375 4.7392
0.00246875 4.7392
0.0025625 4.7392
0.00265625 4.7392
0.00275 4.7392
0.00284375 4.7392
0.0029375 4.7392
0.00303125 4.7392
0.003125 4.7392
0.00321875 4.7392
0.0033125 4.7392
0.00340625 4.7392
0.0035 4.7392
0.00359375 4.7392
0.0036875 4.7392
0.00378125 4.7392
0.003875 4.7392
0.00396875 4.7392
0.0040625 4.7392
0.00425 4.7392
0.0044375 4.7392
0.004625 4.7392
0.0048125 4.73921
0.005 4.73921
0.00515625 4.73921
0.0053125 4.73921
0.00546875 4.73921
0.005625 4.73921
0.00578125 4.73921
0.0059375 4.73921
0.00609375 4.73921
0.00625 4.73921
0.00640625 4.73921
0.0065625 4.73921
0.00671875 4.73921
0.006875 4.73921
0.0071875 4.73921
0.0075 4.73921
0.0078125 4.73921
0.008125 4.73921
0.0084375 4.73921
0.00875 4.73921
0.0090625 4.73921
0.009375 4.73921
0.0096875 4.73921
0.01 4.73921
0.0103125 4.73921
0.010625 4.73921
0.0109375 4.73921
0.01125 4.73922
0.0115625 4.73922
0.011875 4.73922
0.0121875 4.73922
0.0125 4.73922
0.0128125 4.73922
0.013125 4.73922
0.0134375 4.73922
0.01375 4.73922
0.014375 4.73922
0.015 4.73922
0.015625 4.73922
0.01625 4.73922
0.016875 4.73923
0.0175 4.73923
0.018125 4.73923
0.01875 4.73923
0.019375 4.73923
0.02 4.73923
0.0206625 4.73923
0.021325 4.73923
0.0219875 4.73923
0.02265 4.73923
0.0233125 4.73924
0.023975 4.73924
0.0246375 4.73924
0.0253 4.73924
0.0260719 4.73924
0.0268437 4.73924
0.0276156 4.73924
0.0283875 4.73924
0.0291594 4.73924
0.0299312 4.73924
0.0307031 4.73924
0.031475 4.73924
0.0322469 4.73923
0.0330187 4.73923
0.0345625 4.73923
0.0361062 4.73923
0.03765 4.73923
0.0391937 4.73923
0.0407375 4.73923
0.0422812 4.73923
0.043825 4.73923
0.0453687 4.73923
0.0469125 4.73923
0.0484562 4.73923
0.05 4.73922
0.0515625 4.73922
0.053125 4.73922
0.0546875 4.73922
0.05625 4.73922
0.0578125 4.73922
0.059375 4.73922
0.0609375 4.73922
0.0625 4.73921
0.0640625 4.73921
0.065625 4.73921
0.0671875 4.73921
0.06875 4.73921
0.071875 4.73921
0.075 4.73921
0.078125 4.73921
0.08125 4.7392
0.084375 4.7392
0.0875 4.7392
0.090625 4.7392
0.09375 4.73919
0.096875 4.73919
0.1 4.73919
0.103125 4.73919
0.10625 4.73919
0.109375 4.73919
0.1125 4.73919
0.115625 4.73919
0.11875 4.73919
0.121875 4.73919
0.125 4.73919
0.128125 4.73919
0.13125 4.73919
0.134375 4.73919
0.1375 4.73919
0.14375 4.73919
0.15 4.73919
0.15625 4.73919
0.1625 4.73919
0.16875 4.73919
0.175 4.73919
0.18125 4.73919
0.1875 4.73919
0.19375 4.73919
0.2 4.73919
0.209375 4.73919
0.21875 4.73919
0.228125 4.73919
0.2375 4.73919
0.246875 4.73919
0.25625 4.73919
0.265625 4.73919
0.275 4.73919
0.284375 4.73919
0.29375 4.73919
0.303125 4.73919
0.3125 4.73919
0.321875 4.73919
0.33125 4.73919
0.340625 4.73919
0.35 4.73919
0.359375 4.73919
0.36875 4.73919
0.378125 4.73919
0.3875 4.73919
0.396875 4.73919
0.40625 4.73919
0.425 4.73919
0.44375 4.73919
0.4625 4.73919
0.48125 4.73919
0.5 4.73919
0.53125 4.73919
0.5625 4.73919
0.59375 4.73919
0.625 4.73919
0.65625 4.73919
0.6875 4.73919
0.71875 4.73919
0.75 4.73919
0.78125 4.73919
0.8125 4.73919
0.84375 4.73918
0.875 4.73918
0.9375 4.73918
1 4.73918
1.0625 4.73918
1.125 4.73918
1.1875 4.73918
1.25 4.73918
1.3125 4.73918
1.375 4.73918
1.4375 4.73918
1.5 4.73918
1.5625 4.73918
1.625 4.73918
1.6875 4.73918
1.75 4.73918
1.875 4.73918
2 4.73918
2.09375 4.73918
2.1875 4.73918
2.28125 4.73918
2.375 4.73918
2.46875 4.73918
2.5625 4.73918
2.65625 4.73917
2.75 4.73917
2.9375 4.73917
3.125 4.73917
3.3125 4.73917
3.5 4.73917
3.6875 4.73917
3.875 4.73917
4.0625 4.73917
4.25 4.73916
4.4375 4.73916
4.625 4.73916
4.8125 4.73916
5 4.73916
5.3125 4.73916
5.625 4.73916
5.9375 4.73915
6.25 4.73915
6.5625 4.73915
6.875 4.73915
7.1875 4.73915
7.5 4.73914
7.8125 4.73914
8.125 4.73914
8.4375 4.73914
8.75 4.73914
9.375 4.73913
10 4.73913
10.625 4.73913
11.25 4.73912
11.875 4.73912
12.5 4.73912
13.125 4.73911
13.75 4.73911
14.375 4.73911
15 4.73911
15.625 4.7391
16.25 4.7391
16.875 4.7391
17.5 4.73909
18.75 4.73909
20 4.73908
20.9375 4.73908
21.875 4.73907
22.8125 4.73907
23.75 4.73907
24.6875 4.73906
25.625 4.73906
26.5625 4.73905
27.5 4.73905
29.375 4.73904
31.25 4.73903
33.125 4.73902
35 4.73901
36.875 4.73901
38.75 4.739
40.625 4.73899
42.5 4.73898
44.375 4.73897
46.25 4.73896
48.125 4.73895
50 4.73895
53.125 4.73893
56.25 4.73892
59.375 4.7389
62.5 4.73889
65.625 4.73887
68.75 4.73886
71.875 4.73885
75 4.73883
78.125 4.73882
81.25 4.7388
84.375 4.73879
87.5 4.73877
93.75 4.73874
100 4.73872
106.25 4.73869
112.5 4.73866
118.75 4.73863
125 4.7386
131.25 4.73857
137.5 4.73854
143.75 4.73851
150 4.73849
156.25 4.73846
162.5 4.73843
168.75 4.7384
175 4.73837
187.5 4.73831
200 4.73826
209.375 4.73821
218.75 4.73817
228.125 4.73813
237.5 4.73808
246.875 4.73804
256.25 4.738
265.625 4.73796
275 4.73791
293.75 4.73783
312.5 4.73774
331.25 4.73765
350 4.73757
368.75 4.73748
387.5 4.7374
406.25 4.73731
425 4.73722
443.75 4.73714
462.5 4.73705
481.25 4.73696
500 4.73688
531.25 4.73674
562.5 4.73659
593.75 4.73645
625 4.7363
656.25 4.73616
687.5 4.73602
718.75 4.73587
750 4.73573
781.25 4.73559
812.5 4.73544
843.75 4.7353
875 4.73516
937.5 4.73487
1000 4.73458
1062.5 4.73429
1125 4.734
1187.5 4.73372
1250 4.73343
1312.5 4.73314
1375 4.73285
1437.5 4.73256
1500 4.73227
1562.5 4.73198
1625 4.73169
1687.5 4.7314
1750 4.73112
1875 4.73054
2000 4.72996
2093.75 4.72953
2187.5 4.72909
2281.25 4.72866
2375 4.72823
2468.75 4.72779
2562.5 4.72736
2656.25 4.72693
2750 4.72649
2937.5 4.72562
3125 4.72476
3312.5 4.72389
3500 4.72302
3687.5 4.72216
3875 4.72129
4062.5 4.72042
4250 4.71956
4437.5 4.71869
4625 4.71782
4812.5 4.71696
5000 4.71609
5312.5 4.71503
5625 4.71397
5937.5 4.7129
6250 4.71184
6562.5 4.71078
6875 4.70972
7187.5 4.70866
7500 4.7076
7812.5 4.70653
8125 4.70547
8437.5 4.70441
8750 4.70335
9375 4.70122
10000 4.6991
10625 4.69697
11250 4.69485
11875 4.69272
12500 4.6906
13125 4.68847
13750 4.68635
14375 4.68422
15000 4.6821
15625 4.68
16250 4.6779
16875 4.6758
17500 4.6737
18750 4.6695
20000 4.6653
21250 4.66112
22500 4.65695
23750 4.65277
25000 4.6486
26250 4.64442
27500 4.64025
28750 4.63607
30000 4.6319
31250 4.62777
32500 4.62365
33750 4.61952
35000 4.6154
37500 4.60715
40000 4.5989
42500 4.5907
45000 4.5825
47500 4.57435
50000 4.5662
53125 4.5562
56250 4.5462
59375 4.5362
62500 4.5262
65625 4.5162
68750 4.5062
71875 4.4962
75000 4.4862
78125 4.47647
81250 4.46675
84375 4.45702
87500 4.4473
93750 4.42785
100000 4.4084
106250 4.38882
112500 4.36925
118750 4.34967
125000 4.3301
130000 4.3148
135000 4.3012
140000 4.2891
142500 4.2848
145000 4.2838
147500 4.2924
148750 4.307
150000 4.34
151000 4.3937
152000 4.4765
152900 4.5206
154000 4.4545
155000 4.3731
156000 4.321
158000 4.271
160000 4.2484
161250 4.2393
162500 4.232
165000 4.2204
170000 4.2021
175000 4.1861
180000 4.1712
190000 4.14355
200000 4.1159
212500 4.08215
225000 4.0484
237500 4.0156
250000 3.9828
262500 3.9505
275000 3.9182
287500 3.88665
300000 3.8551
312500 3.8244
325000 3.7937
337500 3.76375
350000 3.7338
375000 3.6753
400000 3.6182
425000 3.5626
450000 3.5082
475000 3.4551
500000 3.4033
525000 3.3527
550000 3.3032
575000 3.2549
600000 3.2076
625000 3.1615
650000 3.1163
675000 3.0722
700000 3.029
725000 2.9868
750000 2.9454
775000 2.905
800000 2.8654
825000 2.8267
850000 2.7888
875000 2.7517
900000 2.7154
925000 2.6798
950000 2.645
975000 2.6108
1e+06 2.5774
1.025e+06 2.5446
1.05e+06 2.5125
1.053e+06 2.5087
1.075e+06 2.4811
1.1e+06 2.4503
1.125e+06 2.4201
1.15e+06 2.3905
1.175e+06 2.3615
1.2e+06 2.3331
1.225e+06 2.3052
1.25e+06 2.2779
1.275e+06 2.2511
1.3e+06 2.2249
1.325e+06 2.1991
1.35e+06 2.1739
1.375e+06 2.1492
1.4e+06 2.125
1.425e+06 2.1012
1.45e+06 2.078
1.475e+06 2.0552
1.5e+06 2.0328
1.525e+06 2.0105
1.55e+06 1.9888
1.553e+06 1.9862
1.575e+06 1.9674
1.6e+06 1.9465
1.625e+06 1.9259
1.65e+06 1.9059
1.675e+06 1.8858
1.68e+06 1.8819
1.7e+06 1.8655
1.71e+06 1.8574
1.715e+06 1.8537
1.72e+06 1.8507
1.725e+06 1.8501
1.73e+06 1.8547
1.732e+06 1.8583
1.734e+06 1.8616
1.736e+06 1.8625
1.738e+06 1.8598
1.74e+06 1.8544
1.745e+06 1.8408
1.75e+06 1.8327
1.755e+06 1.828
1.76e+06 1.8244
1.77e+06 1.818
1.775e+06 1.81469
1.78e+06 1.8115
1.79e+06 1.80479
1.8e+06 1.798
1.82e+06 1.78439
1.825e+06 1.781
1.85e+06 1.76439
1.875e+06 1.74799
1.9e+06 1.73189
1.925e+06 1.71609
1.95e+06 1.7006
1.975e+06 1.68519
1.983e+06 1.6807
1.991e+06 1.67549
2e+06 1.6704
2.025e+06 1.65909
2.05e+06 1.68489
2.052e+06 1.69509
2.053e+06 1.70199
2.054e+06 1.70889
2.056e+06 1.72779
2.058e+06 1.75419
2.06e+06 1.79179
2.061e+06 1.81649
2.062e+06 1.84669
2.063e+06 1.88359
2.064e+06 1.92939
2.065e+06 1.98679
2.066e+06 2.05949
2.067e+06 2.15249
2.068e+06 2.27359
2.069e+06 2.43279
2.07e+06 2.64489
2.071e+06 2.92969
2.072e+06 3.31219
2.073e+06 3.81759
2.074e+06 4.45109
2.075e+06 5.15649
2.076e+06 5.76639
2.077e+06 6.04349
2.078e+06 5.87189
2.079e+06 5.37279
2.08e+06 4.76539
2.081e+06 4.19889
2.082e+06 3.72819
2.083e+06 3.35589
2.084e+06 3.06579
2.085e+06 2.83989
2.086e+06 2.66259
2.087e+06 2.52179
2.088e+06 2.40849
2.089e+06 2.31659
2.09e+06 2.24069
2.091e+06 2.17759
2.092e+06 2.12449
2.093e+06 2.07939
2.094e+06 2.04069
2.095e+06 2.00729
2.096e+06 1.97829
2.097e+06 1.95279
2.098e+06 1.93029
2.099e+06 1.91039
2.1e+06 1.89259
2.102e+06 1.86239
2.104e+06 1.83759
2.106e+06 1.81699
2.108e+06 1.79959
2.11e+06 1.78479
2.112e+06 1.77209
2.114e+06 1.76089
2.116e+06 1.75109
2.118e+06 1.74239
2.12e+06 1.73469
2.14e+06 1.68629
2.16e+06 1.66109
2.18e+06 1.64449
2.2e+06 1.63199
2.22e+06 1.62189
2.24e+06 1.61359
2.26e+06 1.60649
2.28e+06 1.60039
2.3e+06 1.59529
2.32e+06 1.59109
2.34e+06 1.58779
2.36e+06 1.58529
2.38e+06 1.58369
2.4e+06 1.58289
2.42e+06 1.58309
2.44e+06 1.58429
2.46e+06 1.58659
2.48e+06 1.58989
2.5e+06 1.59449
2.52e+06 1.60039
2.54e+06 1.60769
2.553e+06 1.61339
2.56e+06 1.61649
2.58e+06 1.62699
2.6e+06 1.63949
2.62e+06 1.65399
2.64e+06 1.67089
2.66e+06 1.69049
2.68e+06 1.71319
2.7e+06 1.73959
2.72e+06 1.77019
2.74e+06 1.80589
2.76e+06 1.84779
2.78e+06 1.89789
2.785e+06 1.91199
2.79e+06 1.92699
2.795e+06 1.94309
2.8e+06 1.96109
2.802e+06 1.96929
2.804e+06 1.97859
2.806e+06 1.99029
2.808e+06 2.00699
2.81e+06 2.03889
2.811e+06 2.07179
2.812e+06 2.13999
2.813e+06 2.32799
2.814e+06 3.16049
2.815e+06 5.07089
2.816e+06 2.77619
2.817e+06 2.28949
2.818e+06 2.15889
2.819e+06 2.10899
2.82e+06 2.08629
2.822e+06 2.06969
2.824e+06 2.06729
2.826e+06 2.07019
2.828e+06 2.07559
2.83e+06 2.08249
2.835e+06 2.10289
2.84e+06 2.12649
2.845e+06 2.15219
2.85e+06 2.18009
2.855e+06 2.21019
2.86e+06 2.24249
2.865e+06 2.27739
2.87e+06 2.31489
2.875e+06 2.35549
2.88e+06 2.39939
2.885e+06 2.44699
2.89e+06 2.49869
2.895e+06 2.55479
2.9e+06 2.61569
2.905e+06 2.68179
2.91e+06 2.75319
2.915e+06 2.82959
2.92e+06 2.91029
2.924e+06 2.97679
2.928e+06 3.04319
2.932e+06 3.10669
2.936e+06 3.16329
2.94e+06 3.20699
2.944e+06 3.22969
2.948e+06 3.22119
2.952e+06 3.17069
2.956e+06 3.06859
2.96e+06 2.91059
2.964e+06 2.70129
2.968e+06 2.45569
2.972e+06 2.19599
2.976e+06 1.94579
2.98e+06 1.72349
2.984e+06 1.53949
2.988e+06 1.39619
2.992e+06 1.29079
2.996e+06 1.21759
3e+06 1.17039
3.01e+06 1.12949
3.02e+06 1.15029
3.03e+06 1.19759
3.04e+06 1.25469
3.05e+06 1.31399
3.053e+06 1.33159
3.06e+06 1.37248
3.08e+06 1.48249
3.1e+06 1.58258
3.12e+06 1.67439
3.14e+06 1.75988
3.16e+06 1.84038
3.18e+06 1.91708
3.2e+06 1.99039
3.22e+06 2.06088
3.24e+06 2.12848
3.26e+06 2.19318
3.28e+06 2.25488
3.3e+06 2.31318
3.32e+06 2.36778
3.34e+06 2.41828
3.36e+06 2.46438
3.38e+06 2.50578
3.4e+06 2.54198
3.42e+06 2.57288
3.44e+06 2.59838
3.46e+06 2.61818
3.48e+06 2.63238
3.5e+06 2.64098
3.52e+06 2.64418
3.54e+06 2.64218
3.553e+06 2.63768
3.56e+06 2.63528
3.58e+06 2.62378
3.6e+06 2.60808
3.62e+06 2.58848
3.64e+06 2.56538
3.66e+06 2.53928
3.68e+06 2.51048
3.7e+06 2.47948
3.72e+06 2.44648
3.74e+06 2.41198
3.76e+06 2.37618
3.78e+06 2.33938
3.8e+06 2.30188
3.82e+06 2.26388
3.84e+06 2.22568
3.86e+06 2.18738
3.88e+06 2.14908
3.9e+06 2.11118
3.92e+06 2.07358
3.94e+06 2.03668
3.96e+06 2.00068
3.98e+06 1.96568
4e+06 1.93208
4.01e+06 1.91598
4.02e+06 1.90038
4.03e+06 1.88548
4.04e+06 1.87138
4.05e+06 1.85808
4.053e+06 1.85448
4.06e+06 1.84588
4.07e+06 1.83498
4.08e+06 1.82548
4.09e+06 1.81798
4.1e+06 1.81258
4.11e+06 1.80978
4.12e+06 1.81028
4.13e+06 1.81448
4.14e+06 1.82328
4.15e+06 1.83718
4.16e+06 1.85718
4.17e+06 1.88388
4.18e+06 1.91748
4.19e+06 1.95788
4.2e+06 2.00428
4.21e+06 2.05488
4.22e+06 2.10658
4.23e+06 2.15588
4.24e+06 2.19878
4.25e+06 2.23188
4.26e+06 2.25278
4.27e+06 2.26088
4.28e+06 2.25678
4.29e+06 2.24218
4.3e+06 2.21948
4.31e+06 2.19088
4.32e+06 2.15848
4.33e+06 2.12398
4.34e+06 2.08858
4.35e+06 2.05338
4.36e+06 2.01888
4.37e+06 1.98538
4.38e+06 1.95328
4.39e+06 1.92258
4.4e+06 1.89328
4.42e+06 1.83898
4.44e+06 1.78988
4.46e+06 1.74538
4.48e+06 1.70488
4.5e+06 1.66768
4.52e+06 1.63328
4.54e+06 1.60147
4.553e+06 1.58218
4.56e+06 1.57167
4.58e+06 1.54377
4.6e+06 1.51747
4.62e+06 1.49247
4.64e+06 1.46877
4.66e+06 1.44617
4.68e+06 1.42447
4.7e+06 1.40357
4.72e+06 1.38337
4.74e+06 1.36387
4.76e+06 1.34477
4.78e+06 1.32617
4.8e+06 1.30777
4.81e+06 1.29857
4.812e+06 1.29667
4.81209e+06 1.29657
4.82e+06 1.28767
4.85e+06 1.26
4.8999e+06 1.22302
4.9e+06 1.22298
4.9194e+06 1.23866
4.92e+06 1.24283
4.93e+06 1.31069
4.9345e+06 1.34153
4.9355e+06 1.71933
4.9367e+06 1.96706
4.9385e+06 1.94066
4.9395e+06 1.73716
4.94e+06 1.69387
4.9432e+06 1.41723
4.9481e+06 1.27764
4.95e+06 1.26395
4.9546e+06 1.23014
4.9584e+06 1.20718
4.98e+06 1.16206
4.99e+06 1.14121
5e+06 1.12035
5.001e+06 1.13243
5.03e+06 1.11762
5.053e+06 1.1155
5.1e+06 1.09193
5.12e+06 1.04887
5.15e+06 1.06304
5.18e+06 1.04322
5.2e+06 1.02076
5.23e+06 1.00479
5.28e+06 0.965438
5.3e+06 0.957168
5.33e+06 0.932867
5.335e+06 0.963067
5.34e+06 0.921667
5.36e+06 1.45857
5.362e+06 1.69797
5.37e+06 1.86407
5.371e+06 1.84447
5.378e+06 1.63077
5.38e+06 1.55387
5.39e+06 1.33767
5.4e+06 1.20277
5.41e+06 1.13377
5.42e+06 1.09867
5.43e+06 1.06997
5.44e+06 1.06037
5.46e+06 1.01647
5.47474e+06 1.00692
5.5e+06 0.990565
5.55e+06 0.972765
5.553e+06 0.981765
5.6e+06 0.958864
5.65e+06 0.941963
5.7e+06 0.920061
5.8e+06 0.909859
5.9e+06 0.885357
6e+06 0.875355
6.05e+06 0.872654
6.053e+06 0.875654
6.125e+06 0.890752
6.16e+06 0.914051
6.174e+06 0.93885
6.18e+06 0.94555
6.1812e+06 0.947666
6.18124e+06 0.947739
6.19e+06 0.963212
6.2e+06 0.980792
6.21e+06 1.02393
6.22e+06 1.03877
6.23e+06 1.08541
6.24e+06 1.16225
6.25e+06 1.23749
6.285e+06 2.10488
6.295e+06 2.38262
6.303e+06 2.26327
6.31e+06 2.01153
6.32e+06 1.59627
6.33e+06 1.36851
6.34e+06 1.1927
6.35e+06 1.1463
6.36e+06 1.2243
6.37e+06 1.066
6.39e+06 0.8893
6.4e+06 0.872599
6.41e+06 0.847398
6.42e+06 0.825497
6.43e+06 0.841396
6.44e+06 0.827695
6.45e+06 0.833694
6.47e+06 0.828092
6.49e+06 0.83039
6.51e+06 0.804388
6.54e+06 0.705785
6.553e+06 0.631754
6.55808e+06 0.602093
6.56e+06 0.590883
6.57e+06 0.530442
6.58e+06 0.501321
6.59e+06 0.50501
6.6e+06 0.514009
6.62e+06 0.576937
6.64e+06 0.591905
6.658e+06 0.736923
6.665e+06 0.682482
6.67e+06 0.670112
6.68e+06 0.66135
6.7e+06 0.655538
6.75e+06 0.649993
6.81e+06 0.645767
6.92e+06 0.606045
7e+06 0.573616
7.053e+06 0.572621
7.1e+06 0.569135
7.14e+06 0.582811
7.18e+06 0.602546
7.2e+06 0.639875
7.22e+06 0.667827
7.225e+06 0.676328
7.25e+06 0.746746
7.27e+06 0.822638
7.28e+06 0.884145
7.34e+06 1.33204
7.35e+06 1.42992
7.36e+06 1.42217
7.37e+06 1.46397
7.4e+06 1.41379
7.42e+06 1.39796
7.47e+06 1.37137
7.529e+06 1.37816
7.542e+06 1.3634
7.553e+06 1.35514
7.594e+06 1.338
7.62e+06 1.32629
7.64141e+06 1.33395
7.65e+06 1.33703
7.667e+06 1.39086
7.68e+06 1.41484
7.698e+06 1.52505
7.7e+06 1.52995
7.725e+06 1.79887
7.745e+06 1.98727
7.75e+06 1.95423
7.77e+06 1.8235
7.789e+06 1.68331
7.81e+06 1.58057
7.819e+06 1.58221
7.86e+06 1.52173
7.8864e+06 1.49269
7.88645e+06 1.49214
7.888e+06 1.47438
7.897e+06 1.4716
7.93e+06 1.43196
7.936e+06 1.40982
8e+06 1.35086
8.005e+06 1.35455
8.01e+06 1.30527
8.014e+06 1.33402
8.044e+06 1.29725
8.053e+06 1.33065
8.079e+06 1.32282
8.08e+06 1.31471
8.1e+06 1.31719
8.101e+06 1.33188
8.105e+06 1.31828
8.109e+06 1.29997
8.12e+06 1.28196
8.131e+06 1.24804
8.138e+06 1.23303
8.16e+06 1.1562
8.166e+06 1.11599
8.2e+06 0.973037
8.21e+06 0.949027
8.218e+06 0.941817
8.24e+06 0.920976
8.28e+06 0.877126
8.2958e+06 0.860696
8.2962e+06 0.856596
8.29622e+06 0.856592
8.32e+06 0.850996
8.33e+06 0.837416
8.391e+06 0.802575
8.4e+06 0.797515
8.426e+06 0.800175
8.448e+06 0.785695
8.45e+06 0.771565
8.48e+06 0.776244
8.4995e+06 0.757114
8.5e+06 0.749104
8.52e+06 0.757164
8.553e+06 0.739414
8.6e+06 0.755214
8.611e+06 0.756334
8.664e+06 0.748035
8.7e+06 0.745135
8.708e+06 0.737195
8.72474e+06 0.729618
8.75e+06 0.718186
8.768e+06 0.716086
8.8e+06 0.706846
8.833e+06 0.688996
8.85e+06 0.677207
8.885e+06 0.668317
8.92e+06 0.638227
8.94e+06 0.637687
8.98e+06 0.632918
9e+06 0.630678
9.005e+06 0.644388
9.02e+06 0.642518
9.03e+06 0.650448
9.045e+06 0.653678
9.053e+06 0.669238
9.067e+06 0.668389
9.08e+06 0.685659
9.149e+06 0.723331
9.163e+06 0.736792
9.18e+06 0.735282
9.219e+06 0.731493
9.25e+06 0.724644
9.254e+06 0.733374
9.3e+06 0.716956
9.36e+06 0.699597
9.4e+06 0.681389
9.45e+06 0.6715
9.5e+06 0.669312
9.522e+06 0.669732
9.553e+06 0.664493
9.56e+06 0.669173
9.59e+06 0.671054
9.6e+06 0.671484
9.63e+06 0.680165
9.64e+06 0.687495
9.678e+06 0.685635
9.68e+06 0.684405
9.692e+06 0.682996
9.7e+06 0.685456
9.726e+06 0.670306
9.74e+06 0.676266
9.75e+06 0.669587
9.8e+06 0.684528
9.80808e+06 0.684235
9.821e+06 0.683768
9.83e+06 0.686308
9.868e+06 0.678749
9.9e+06 0.671799
9.917e+06 0.67421
9.921e+06 0.66754
1e+07 0.656771
1.005e+07 0.643412
1.0053e+07 0.636882
1.017e+07 0.642064
1.025e+07 0.634386
1.03e+07 0.628637
1.0372e+07 0.635078
1.04e+07 0.643319
1.0448e+07 0.66502
1.04481e+07 0.665046
1.0478e+07 0.678131
1.05e+07 0.690911
1.0506e+07 0.690901
1.0536e+07 0.701742
1.055e+07 0.698282
1.0553e+07 0.708482
1.062e+07 0.725483
1.069e+07 0.750885
1.07e+07 0.752605
1.075e+07 0.786176
1.08e+07 0.812847
1.083e+07 0.832597
1.08914e+07 0.868386
1.09e+07 0.873398
1.094e+07 0.887449
1.1e+07 0.86214
1.1004e+07 0.85623
1.1053e+07 0.866921
1.1096e+07 0.863591
1.11e+07 0.868582
1.1166e+07 0.885292
1.117e+07 0.886872
1.125e+07 0.875583
1.13e+07 0.873054
1.14e+07 0.872795
1.15e+07 0.864436
1.1553e+07 0.851456
1.1708e+07 0.838457
1.175e+07 0.853477
1.1751e+07 0.848597
1.18e+07 0.857788
1.1828e+07 0.870068
1.19e+07 0.904818
1.1909e+07 0.900838
1.1917e+07 0.912628
1.19747e+07 0.903466
1.2e+07 0.899449
1.205e+07 0.909919
1.2053e+07 0.913379
1.2088e+07 0.910339
1.21e+07 0.910989
1.2196e+07 0.871888
1.2224e+07 0.865037
1.225e+07 0.861207
1.23e+07 0.848477
1.24e+07 0.839226
1.25e+07 0.856065
1.2553e+07 0.864174
1.2599e+07 0.869753
1.27e+07 0.887251
1.2738e+07 0.889501
1.2792e+07 0.90672
1.29e+07 0.919468
1.299e+07 0.943646
1.3e+07 0.941976
1.3053e+07 0.936835
1.30581e+07 0.936747
1.31e+07 0.936023
1.312e+07 0.935612
1.325e+07 0.924877
1.328e+07 0.914516
1.33e+07 0.915605
1.35e+07 0.905288
1.35208e+07 0.907788
1.354e+07 0.910096
1.3553e+07 0.909436
1.3587e+07 0.909454
1.3646e+07 0.895591
1.37e+07 0.889109
1.3767e+07 0.880875
1.37674e+07 0.880716
1.3822e+07 0.860033
1.383e+07 0.859792
1.3965e+07 0.841346
1.4e+07 0.819214
1.4053e+07 0.824942
1.41414e+07 0.829406
1.4182e+07 0.831456
1.425e+07 0.837264
1.4364e+07 0.830299
1.4419e+07 0.824366
1.4472e+07 0.837894
1.45e+07 0.843443
1.4553e+07 0.853805
1.45644e+07 0.8545
1.4566e+07 0.854598
1.4653e+07 0.88011
1.4694e+07 0.894546
1.475e+07 0.898931
1.4767e+07 0.897346
1.4807e+07 0.902144
1.4812e+07 0.903994
1.4837e+07 0.907542
1.4863e+07 0.911329
1.4887e+07 0.913352
1.4888e+07 0.913378
1.4892e+07 0.919099
1.4906e+07 0.921321
1.4909e+07 0.921915
1.4927e+07 0.919858
1.4954e+07 0.919362
1.4962e+07 0.918806
1.4996e+07 0.923026
1.5e+07 0.917548
1.5006e+07 0.91944
1.5045e+07 0.928572
1.5053e+07 0.932152
1.5093e+07 0.941588
1.52247e+07 0.956226
1.5248e+07 0.958816
1.5263e+07 0.958981
1.52634e+07 0.959038
1.5448e+07 0.985393
1.5477e+07 0.986683
1.55e+07 0.988861
1.5553e+07 0.993887
1.5731e+07 1.00629
1.5966e+07 1.02548
1.597e+07 1.03131
1.599e+07 1.02846
1.6e+07 1.03379
1.6053e+07 1.01889
1.6068e+07 1.01662
1.6256e+07 0.983683
1.63081e+07 0.9673
1.6347e+07 0.955068
1.63474e+07 0.955057
1.6443e+07 0.952655
1.65e+07 0.948924
1.6532e+07 0.946921
1.6553e+07 0.942995
1.6695e+07 0.919507
1.682e+07 0.908525
1.6824e+07 0.907307
1.6974e+07 0.896581
1.7e+07 0.896659
1.7053e+07 0.896787
1.7074e+07 0.899245
1.7138e+07 0.887251
1.7298e+07 0.870947
1.72982e+07 0.870936
1.73e+07 0.870804
1.7301e+07 0.885246
1.73914e+07 0.878723
1.7431e+07 0.875866
1.74315e+07 0.875831
1.7467e+07 0.873325
1.75e+07 0.875986
1.7553e+07 0.880394
1.7616e+07 0.887312
1.7687e+07 0.889651
1.79e+07 0.905948
1.7901e+07 0.908697
1.8e+07 0.91753
1.8053e+07 0.929512
1.8087e+07 0.923401
1.8158e+07 0.935798
1.8273e+07 0.928914
1.846e+07 0.922802
1.84747e+07 0.925558
1.85e+07 0.930303
1.8516e+07 0.933339
1.8553e+07 0.937512
1.8632e+07 0.94635
1.87e+07 0.952846
1.8833e+07 0.956963
1.9e+07 0.969028
1.903e+07 0.971203
1.9034e+07 0.971327
1.9053e+07 0.973142
1.9185e+07 0.977738
1.9346e+07 0.980155
1.95e+07 0.981059
1.9511e+07 0.981435
1.9553e+07 0.98185
1.95581e+07 0.981599
1.96e+07 0.979533
1.9661e+07 0.981543
1.9794e+07 0.985739
1.9892e+07 0.99153
2e+07 0.980717
2e+07 1.016
2.02955e+07 1.00201
2.1e+07 0.937
2.2e+07 0.917
2.3e+07 0.922
2.4e+07 0.937
2.42789e+07 0.934134
2.44869e+07 0.928949
2.5e+07 0.918
2.6e+07 0.912376
2.7e+07 0.904
2.70587e+07 0.903174
2.73039e+07 0.899653
2.8e+07 0.88938
2.84729e+07 0.88252
2.89234e+07 0.876092
2.9e+07 0.875001
3e+07 0.861
3.1e+07 0.847565
3.2e+07 0.83469
3.21383e+07 0.832947
3.3e+07 0.822216
3.4e+07 0.81002
3.45184e+07 0.803786
3.5e+07 0.798
3.5092e+07 0.796891
3.6e+07 0.785269
3.7e+07 0.771412
3.8e+07 0.756968
3.9e+07 0.742379
4e+07 0.728
4.1e+07 0.714055
4.2e+07 0.700532
4.3e+07 0.687382
4.4e+07 0.674563
4.5e+07 0.662043
4.6e+07 0.64979
4.7e+07 0.637778
4.8e+07 0.625988
4.9e+07 0.6144
5e+07 0.603
5.1e+07 0.591852
5.2e+07 0.581018
5.3e+07 0.570482
5.4e+07 0.56023
5.5e+07 0.550248
5.6e+07 0.540525
5.65866e+07 0.534937
5.7e+07 0.531049
5.75937e+07 0.525535
5.8e+07 0.521809
5.9e+07 0.512796
6e+07 0.504
6.1e+07 0.495432
6.2e+07 0.487102
6.3e+07 0.479
6.4e+07 0.471118
6.5e+07 0.463447
6.6e+07 0.45598
6.7e+07 0.448709
6.8e+07 0.441626
6.9e+07 0.434725
7e+07 0.428
7.1e+07 0.421412
7.2e+07 0.414936
7.3e+07 0.408581
7.4e+07 0.402355
7.5e+07 0.396264
7.6e+07 0.390315
7.7e+07 0.384511
7.8e+07 0.378856
7.9e+07 0.373352
8e+07 0.368
8.1e+07 0.362756
8.2e+07 0.357567
8.3e+07 0.352422
8.4e+07 0.347312
8.5e+07 0.342228
8.6e+07 0.337164
8.7e+07 0.332114
8.8e+07 0.327072
8.9e+07 0.322035
9e+07 0.317
9.1e+07 0.311831
9.2e+07 0.306443
9.3e+07 0.300901
9.4e+07 0.295264
9.5e+07 0.289585
9.6e+07 0.28391
9.7e+07 0.278281
9.8e+07 0.272733
9.9e+07 0.267297
1e+08 0.262
1.02e+08 0.251484
1.04e+08 0.241108
1.06e+08 0.231236
1.08e+08 0.222136
1.1e+08 0.214
1.12e+08 0.207132
1.14e+08 0.201254
1.16e+08 0.195753
1.18e+08 0.190133
1.2e+08 0.184
1.22e+08 0.177652
1.24e+08 0.171591
1.26e+08 0.165804
1.28e+08 0.160278
1.3e+08 0.155
1.32e+08 0.149968
1.34e+08 0.145173
1.36e+08 0.140592
1.38e+08 0.136207
1.4e+08 0.132
1.42e+08 0.127937
1.44e+08 0.124
1.46e+08 0.120196
1.48e+08 0.116528
1.5e+08 0.113
