G4NDL
ENDF/B-VII.1
102
0
682
1e-05 16.6999
1.03125e-05 16.445
1.0625e-05 16.2013
1.09375e-05 15.9682
1.125e-05 15.7448
1.15625e-05 15.5306
1.1875e-05 15.3249
1.21875e-05 15.1272
1.25e-05 14.9369
1.28125e-05 14.7536
1.3125e-05 14.5769
1.34375e-05 14.4064
1.375e-05 14.2418
1.4375e-05 13.9287
1.5e-05 13.6354
1.5625e-05 13.3599
1.625e-05 13.1005
1.6875e-05 12.8556
1.75e-05 12.624
1.8125e-05 12.4044
1.875e-05 12.1959
1.9375e-05 11.9976
2e-05 11.8086
2.09375e-05 11.5412
2.1875e-05 11.2912
2.28125e-05 11.0568
2.375e-05 10.8363
2.46875e-05 10.6286
2.5625e-05 10.4324
2.65625e-05 10.2466
2.75e-05 10.0704
2.84375e-05 9.90306
2.9375e-05 9.74375
3.03125e-05 9.59189
3.125e-05 9.44691
3.21875e-05 9.30832
3.3125e-05 9.17565
3.40625e-05 9.0485
3.5e-05 8.92649
3.59375e-05 8.80929
3.6875e-05 8.69659
3.78125e-05 8.5881
3.875e-05 8.48358
3.96875e-05 8.38278
4.0625e-05 8.28549
4.25e-05 8.10066
4.4375e-05 7.92767
4.625e-05 7.76532
4.8125e-05 7.61254
5e-05 7.46844
5.15625e-05 7.35441
5.3125e-05 7.24545
5.46875e-05 7.14119
5.625e-05 7.04131
5.78125e-05 6.94551
5.9375e-05 6.85351
6.09375e-05 6.76508
6.25e-05 6.67998
6.40625e-05 6.59801
6.5625e-05 6.51899
6.71875e-05 6.44274
6.875e-05 6.36911
7.1875e-05 6.22911
7.5e-05 6.09796
7.8125e-05 5.97475
8.125e-05 5.85873
8.4375e-05 5.74921
8.75e-05 5.64561
9.0625e-05 5.54742
9.375e-05 5.45418
9.6875e-05 5.36549
0.0001 5.28099
0.000103125 5.20036
0.00010625 5.12331
0.000109375 5.04959
0.0001125 4.97896
0.000115625 4.91122
0.00011875 4.84616
0.000121875 4.78363
0.000125 4.72346
0.000128125 4.6655
0.00013125 4.60962
0.000134375 4.55571
0.0001375 4.50364
0.00014375 4.40465
0.00015 4.31191
0.00015625 4.22479
0.0001625 4.14275
0.00016875 4.06531
0.000175 3.99205
0.00018125 3.92262
0.0001875 3.85669
0.00019375 3.79397
0.0002 3.73422
0.000209375 3.64966
0.00021875 3.5706
0.000228125 3.49646
0.0002375 3.42676
0.000246875 3.36106
0.00025625 3.29901
0.000265625 3.24026
0.000275 3.18455
0.000284375 3.13162
0.00029375 3.08124
0.000303125 3.03322
0.0003125 2.98738
0.000321875 2.94355
0.00033125 2.9016
0.000340625 2.86139
0.00035 2.8228
0.000359375 2.78574
0.00036875 2.7501
0.000378125 2.7158
0.0003875 2.68274
0.000396875 2.65087
0.00040625 2.6201
0.000425 2.56165
0.00044375 2.50695
0.0004625 2.45561
0.00048125 2.4073
0.0005 2.36173
0.000515625 2.32567
0.00053125 2.29121
0.000546875 2.25824
0.0005625 2.22666
0.000578125 2.19636
0.00059375 2.16727
0.000609375 2.1393
0.000625 2.11239
0.000640625 2.08647
0.00065625 2.06148
0.000671875 2.03737
0.0006875 2.01409
0.00071875 1.96982
0.00075 1.92834
0.00078125 1.88938
0.0008125 1.85269
0.00084375 1.81806
0.000875 1.7853
0.00090625 1.75425
0.0009375 1.72476
0.00096875 1.69672
0.001 1.66999
0.00103125 1.6445
0.0010625 1.62013
0.00109375 1.59682
0.001125 1.57448
0.00115625 1.55306
0.0011875 1.53249
0.00121875 1.51272
0.00125 1.49369
0.00128125 1.47536
0.0013125 1.45769
0.00134375 1.44064
0.001375 1.42418
0.0014375 1.39287
0.0015 1.36354
0.0015625 1.336
0.001625 1.31005
0.0016875 1.28556
0.00175 1.2624
0.0018125 1.24044
0.001875 1.21959
0.0019375 1.19976
0.002 1.18086
0.00209375 1.15412
0.0021875 1.12912
0.00228125 1.10568
0.002375 1.08363
0.00246875 1.06286
0.0025625 1.04324
0.00265625 1.02466
0.00275 1.00704
0.00284375 0.990305
0.0029375 0.974375
0.00303125 0.959189
0.003125 0.944691
0.00321875 0.930832
0.0033125 0.917565
0.00340625 0.90485
0.0035 0.892649
0.00359375 0.880929
0.0036875 0.869659
0.00378125 0.85881
0.003875 0.848358
0.00396875 0.838278
0.0040625 0.828549
0.00425 0.810066
0.0044375 0.792767
0.004625 0.776532
0.0048125 0.761254
0.005 0.746844
0.00515625 0.735441
0.0053125 0.724545
0.00546875 0.71412
0.005625 0.704131
0.00578125 0.694551
0.0059375 0.685351
0.00609375 0.676508
0.00625 0.667998
0.00640625 0.659801
0.0065625 0.651899
0.00671875 0.644274
0.006875 0.636911
0.0071875 0.622911
0.0075 0.609796
0.0078125 0.597475
0.008125 0.585873
0.0084375 0.574921
0.00875 0.564561
0.0090625 0.554742
0.009375 0.545418
0.0096875 0.536549
0.01 0.528099
0.0103125 0.520035
0.010625 0.512331
0.0109375 0.504959
0.01125 0.497896
0.0115625 0.491122
0.011875 0.484616
0.0121875 0.478363
0.0125 0.472346
0.0128125 0.46655
0.013125 0.460962
0.0134375 0.455571
0.01375 0.450364
0.014375 0.440465
0.015 0.431191
0.015625 0.422479
0.01625 0.414274
0.016875 0.40653
0.0175 0.399205
0.018125 0.392262
0.01875 0.385669
0.019375 0.379397
0.02 0.373422
0.0206625 0.367387
0.021325 0.361635
0.0219875 0.356145
0.02265 0.350898
0.0233125 0.345876
0.023975 0.341064
0.0246375 0.336447
0.0253 0.332013
0.0260719 0.327061
0.0268437 0.322324
0.0276156 0.317788
0.0283875 0.313438
0.0291594 0.309261
0.0299312 0.305248
0.0307031 0.301386
0.031475 0.297668
0.0322469 0.294084
0.0330187 0.290626
0.0345625 0.284061
0.0361062 0.277923
0.03765 0.272165
0.0391937 0.266751
0.0407375 0.261648
0.0422812 0.256827
0.043825 0.252263
0.0453687 0.247934
0.0469125 0.243821
0.0484562 0.239905
0.05 0.236173
0.0515625 0.232567
0.053125 0.229121
0.0546875 0.225824
0.05625 0.222666
0.0578125 0.219636
0.059375 0.216727
0.0609375 0.21393
0.0625 0.211239
0.0640625 0.208647
0.065625 0.206149
0.0671875 0.203737
0.06875 0.201409
0.071875 0.196982
0.075 0.192834
0.078125 0.188938
0.08125 0.185269
0.084375 0.181806
0.0875 0.17853
0.090625 0.175425
0.09375 0.172476
0.096875 0.169672
0.1 0.166999
0.103125 0.164449
0.10625 0.162013
0.109375 0.159682
0.1125 0.157448
0.115625 0.155306
0.11875 0.153249
0.121875 0.151272
0.125 0.149369
0.128125 0.147536
0.13125 0.145769
0.134375 0.144064
0.1375 0.142418
0.14375 0.139287
0.15 0.136354
0.15625 0.133599
0.1625 0.131005
0.16875 0.128556
0.175 0.12624
0.18125 0.124044
0.1875 0.121959
0.19375 0.119976
0.2 0.118086
0.209375 0.115412
0.21875 0.112912
0.228125 0.110568
0.2375 0.108363
0.246875 0.106286
0.25625 0.104323
0.265625 0.102466
0.275 0.100704
0.284375 0.0990304
0.29375 0.0974373
0.303125 0.0959187
0.3125 0.0944689
0.321875 0.093083
0.33125 0.0917563
0.340625 0.0904848
0.35 0.0892647
0.359375 0.0880927
0.36875 0.0869657
0.378125 0.0858808
0.3875 0.0848355
0.396875 0.0838276
0.40625 0.0828547
0.425 0.0810064
0.44375 0.0792765
0.4625 0.0776529
0.48125 0.0761251
0.5 0.0746842
0.53125 0.0724542
0.5625 0.0704128
0.59375 0.0685348
0.625 0.0667995
0.65625 0.0651896
0.6875 0.0636908
0.71875 0.0622908
0.75 0.0609792
0.78125 0.0597472
0.8125 0.0585869
0.84375 0.0574917
0.875 0.0564557
0.9375 0.0545414
1 0.0528095
1.0625 0.0512327
1.125 0.0497892
1.1875 0.0484612
1.25 0.0472341
1.3125 0.0460958
1.375 0.0450359
1.4375 0.044046
1.5 0.0431186
1.5625 0.0422474
1.625 0.041427
1.6875 0.0406525
1.75 0.03992
1.875 0.0385663
2 0.0373417
2.09375 0.0364961
2.1875 0.0357054
2.28125 0.034964
2.375 0.0342669
2.46875 0.03361
2.5625 0.0329894
2.65625 0.032402
2.75 0.0318449
2.9375 0.0308117
3.125 0.029873
3.3125 0.0290152
3.5 0.0282273
3.6875 0.0275003
3.875 0.0268266
4.0625 0.0262002
4.25 0.0256157
4.4375 0.0250687
4.625 0.0245553
4.8125 0.0240721
5 0.0236165
5.3125 0.0229113
5.625 0.0222657
5.9375 0.0216718
6.25 0.021123
6.5625 0.0206138
6.875 0.0201399
7.1875 0.0196971
7.5 0.0192824
7.8125 0.0188927
8.125 0.0185258
8.4375 0.0181795
8.75 0.0178519
9.375 0.0172465
10 0.0166988
10.625 0.0162001
11.25 0.0157436
11.875 0.0153236
12.5 0.0149355
13.125 0.0145755
13.75 0.0142403
14.375 0.0139272
15 0.0136339
15.625 0.0133584
16.25 0.0130989
16.875 0.012854
17.5 0.0126224
18.75 0.0121943
20 0.011807
20.9375 0.0115395
21.875 0.0112894
22.8125 0.0110549
23.75 0.0108344
24.6875 0.0106266
25.625 0.0104303
26.5625 0.0102445
27.5 0.0100683
29.375 0.00974151
31.25 0.00944461
33.125 0.0091733
35 0.00892409
36.875 0.00869414
38.75 0.00848109
40.625 0.00828297
42.5 0.00809812
44.375 0.0079251
46.25 0.00776272
48.125 0.00760993
50 0.00746582
53.125 0.00724268
56.25 0.00703842
59.375 0.00685051
62.5 0.00667687
65.625 0.0065158
68.75 0.00636584
71.875 0.00622578
75 0.00609456
78.125 0.0059713
81.25 0.00585523
84.375 0.00574566
87.5 0.00564203
93.75 0.00545052
100 0.00527727
106.25 0.00511939
112.5 0.00497487
118.75 0.00484192
125 0.00471907
131.25 0.00460511
137.5 0.00449902
143.75 0.00439993
150 0.00430711
156.25 0.00421991
162.5 0.0041378
168.75 0.0040603
175 0.00398698
187.5 0.00385152
200 0.00372898
209.375 0.00364415
218.75 0.00356485
228.125 0.0034905
237.5 0.0034206
246.875 0.00335472
256.25 0.0032925
265.625 0.00323361
275 0.00317776
293.75 0.0030742
312.5 0.00298013
331.25 0.00289417
350 0.00281523
368.75 0.00274239
387.5 0.00267491
406.25 0.00261217
425 0.00255364
443.75 0.00249886
462.5 0.00244745
481.25 0.00239908
500 0.00235346
531.25 0.00228249
562.5 0.00221755
593.75 0.00215781
625 0.00210263
656.25 0.00205146
687.5 0.00200382
718.75 0.00195934
750 0.00191767
781.25 0.00187854
812.5 0.0018417
843.75 0.00180693
875 0.00177404
937.5 0.00171329
1000 0.00165835
1062.5 0.00160786
1125 0.00156166
1187.5 0.00151919
1250 0.00147996
1312.5 0.00144359
1375 0.00140975
1437.5 0.00137815
1500 0.00134855
1562.5 0.00132077
1625 0.00129461
1687.5 0.00126993
1750 0.0012466
1875 0.00120349
2000 0.00116453
2125 0.00112841
2250 0.00109538
2375 0.00106502
2500 0.00103701
2625 0.00101104
2750 0.000986889
2875 0.00096435
3000 0.000943253
3125 0.000923451
3250 0.000904817
3375 0.000887242
3500 0.000870629
3750 0.000839963
4000 0.000812256
4250 0.000786422
4500 0.000762819
4750 0.000741144
5000 0.000721151
5250 0.000702634
5500 0.000685422
5750 0.000669369
6000 0.000654352
6250 0.000639932
6500 0.000626377
6750 0.000613604
7000 0.000601543
7500 0.000579309
8000 0.000559255
8500 0.000540649
9000 0.000523674
9500 0.000508108
10000 0.000493769
10625 0.000480883
11250 0.000467997
11875 0.000455111
12500 0.000442226
13125 0.00042934
13750 0.000416454
14375 0.000403568
15000 0.000390682
15625 0.000382885
16250 0.000375088
16875 0.000367291
17500 0.000359494
18750 0.0003439
20000 0.000328305
21250 0.000320803
22500 0.0003133
23750 0.000305798
25000 0.000298296
26250 0.000290793
27500 0.000283291
28750 0.000275788
30000 0.000268286
31250 0.000260783
32500 0.000253281
33750 0.000245778
35000 0.000238276
37500 0.000223271
40000 0.000208266
42500 0.000201616
45000 0.000194965
47500 0.000188314
50000 0.000181664
52500 0.000175013
55000 0.000168362
57500 0.000161711
60000 0.000155061
62500 0.000151192
65000 0.000147324
67500 0.000143455
70000 0.000139587
75000 0.00013185
80000 0.000124113
85000 0.000119028
90000 0.000113943
95000 0.000108859
100000 0.000103774
106250 0.000100116
112500 9.64575e-05
118750 9.27992e-05
125000 8.91409e-05
131250 8.54826e-05
137500 8.18243e-05
143750 7.81661e-05
150000 7.45078e-05
156250 7.26041e-05
162500 7.07003e-05
168750 6.87966e-05
175000 6.68929e-05
187500 6.30854e-05
200000 5.9278e-05
212500 5.74436e-05
225000 5.56094e-05
237500 5.37751e-05
250000 5.19408e-05
262500 5.01065e-05
275000 4.82722e-05
287500 4.64379e-05
300000 4.46036e-05
312500 4.38125e-05
325000 4.30214e-05
337500 4.22303e-05
350000 4.14392e-05
375000 3.9857e-05
400000 3.82748e-05
425000 3.75287e-05
450000 3.67826e-05
475000 3.60365e-05
500000 3.52904e-05
525000 3.49426e-05
550000 3.45947e-05
575000 3.42469e-05
600000 3.3899e-05
625000 3.37598e-05
650000 3.36205e-05
675000 3.34813e-05
700000 3.3342e-05
750000 3.32931e-05
800000 3.32441e-05
850000 3.33231e-05
900000 3.34021e-05
950000 3.35506e-05
1e+06 3.3699e-05
1.2e+06 3.44555e-05
1.4e+06 3.52171e-05
1.6e+06 3.5873e-05
1.8e+06 3.63896e-05
2e+06 3.67663e-05
2.2e+06 3.70169e-05
2.4e+06 3.71599e-05
2.6e+06 3.72143e-05
2.8e+06 3.71977e-05
3e+06 3.71254e-05
3.2e+06 3.70102e-05
3.4e+06 3.68629e-05
3.6e+06 3.6692e-05
3.8e+06 3.65046e-05
4e+06 3.6306e-05
4.2e+06 3.61006e-05
4.4e+06 3.58918e-05
4.6e+06 3.56822e-05
4.8e+06 3.54736e-05
5e+06 3.52677e-05
5.5e+06 3.47705e-05
6e+06 3.43051e-05
6.5e+06 3.38742e-05
7e+06 3.3477e-05
7.5e+06 3.31108e-05
8e+06 3.27723e-05
8.5e+06 3.24579e-05
9e+06 3.2164e-05
9.5e+06 3.18875e-05
1e+07 3.16255e-05
1.05e+07 3.13753e-05
1.1e+07 3.11349e-05
1.15e+07 3.09021e-05
1.2e+07 3.06755e-05
1.25e+07 3.04536e-05
1.3e+07 3.02352e-05
1.35e+07 3.00193e-05
1.4e+07 2.98051e-05
1.45e+07 2.95919e-05
1.5e+07 2.93792e-05
1.55e+07 2.91666e-05
1.6e+07 2.89536e-05
1.65e+07 2.87402e-05
1.7e+07 2.8526e-05
1.75e+07 2.83111e-05
1.8e+07 2.80952e-05
1.85e+07 2.78785e-05
1.9e+07 2.7661e-05
1.95e+07 2.74426e-05
2e+07 2.72235e-05
