G4NDL
ENDF/B-VII.1
102
0
1545
1e-05 0.194155
1.03125e-05 0.19119
1.0625e-05 0.188358
1.09375e-05 0.185647
1.125e-05 0.183051
1.15625e-05 0.18056
1.1875e-05 0.178168
1.21875e-05 0.175869
1.25e-05 0.173657
1.28125e-05 0.171526
1.3125e-05 0.169472
1.34375e-05 0.16749
1.375e-05 0.165575
1.4375e-05 0.161936
1.5e-05 0.158526
1.5625e-05 0.155324
1.625e-05 0.152307
1.6875e-05 0.14946
1.75e-05 0.146767
1.8125e-05 0.144214
1.875e-05 0.14179
1.9375e-05 0.139485
2e-05 0.137288
2.09375e-05 0.134179
2.1875e-05 0.131272
2.28125e-05 0.128547
2.375e-05 0.125984
2.46875e-05 0.123569
2.5625e-05 0.121287
2.65625e-05 0.119128
2.75e-05 0.11708
2.84375e-05 0.115133
2.9375e-05 0.113281
3.03125e-05 0.111516
3.125e-05 0.10983
3.21875e-05 0.108219
3.3125e-05 0.106677
3.40625e-05 0.105198
3.5e-05 0.10378
3.59375e-05 0.102417
3.6875e-05 0.101107
3.78125e-05 0.0998458
3.875e-05 0.0986306
3.96875e-05 0.0974587
4.0625e-05 0.0963276
4.25e-05 0.0941788
4.4375e-05 0.0921676
4.625e-05 0.09028
4.8125e-05 0.0885038
5e-05 0.0868286
5.15625e-05 0.0855029
5.3125e-05 0.0842361
5.46875e-05 0.083024
5.625e-05 0.0818627
5.78125e-05 0.0807489
5.9375e-05 0.0796793
6.09375e-05 0.0786512
6.25e-05 0.0776618
6.40625e-05 0.0767089
6.5625e-05 0.0757902
6.71875e-05 0.0749037
6.875e-05 0.0740476
7.1875e-05 0.07242
7.5e-05 0.0708952
7.8125e-05 0.0694628
8.125e-05 0.0681139
8.4375e-05 0.0668407
8.75e-05 0.0656362
9.0625e-05 0.0644946
9.375e-05 0.0634106
9.6875e-05 0.0623795
0.0001 0.0613971
0.000103125 0.0604596
0.00010625 0.0595639
0.000109375 0.0587068
0.0001125 0.0578857
0.000115625 0.0570981
0.00011875 0.0563418
0.000121875 0.0556148
0.000125 0.0549152
0.000128125 0.0542414
0.00013125 0.0535918
0.000134375 0.0529649
0.0001375 0.0523596
0.00014375 0.0512087
0.00015 0.0501305
0.00015625 0.0491176
0.0001625 0.0481638
0.00016875 0.0472635
0.000175 0.0464118
0.00018125 0.0456046
0.0001875 0.0448381
0.00019375 0.044109
0.0002 0.0434143
0.000209375 0.0424312
0.00021875 0.041512
0.000228125 0.0406501
0.0002375 0.0398397
0.000246875 0.0390759
0.00025625 0.0383544
0.000265625 0.0376715
0.000275 0.0370238
0.000284375 0.0364084
0.00029375 0.0358227
0.000303125 0.0352644
0.0003125 0.0347314
0.000321875 0.0342219
0.00033125 0.0337341
0.000340625 0.0332667
0.00035 0.0328181
0.000359375 0.0323872
0.00036875 0.0319729
0.000378125 0.031574
0.0003875 0.0311897
0.000396875 0.0308192
0.00040625 0.0304615
0.000425 0.029782
0.00044375 0.029146
0.0004625 0.028549
0.00048125 0.0279874
0.0005 0.0274576
0.000515625 0.0270384
0.00053125 0.0266378
0.000546875 0.0262545
0.0005625 0.0258873
0.000578125 0.0255351
0.00059375 0.0251968
0.000609375 0.0248717
0.000625 0.0245588
0.000640625 0.0242575
0.00065625 0.023967
0.000671875 0.0236866
0.0006875 0.0234159
0.00071875 0.0229012
0.00075 0.022419
0.00078125 0.0219661
0.0008125 0.0215395
0.00084375 0.0211369
0.000875 0.020756
0.00090625 0.020395
0.0009375 0.0200522
0.00096875 0.0197261
0.001 0.0194155
0.00103125 0.019119
0.0010625 0.0188357
0.00109375 0.0185647
0.001125 0.0183051
0.00115625 0.018056
0.0011875 0.0178168
0.00121875 0.0175869
0.00125 0.0173657
0.00128125 0.0171526
0.0013125 0.0169472
0.00134375 0.016749
0.001375 0.0165576
0.0014375 0.0161936
0.0015 0.0158526
0.0015625 0.0155324
0.001625 0.0152307
0.0016875 0.014946
0.00175 0.0146767
0.0018125 0.0144214
0.001875 0.014179
0.0019375 0.0139485
0.002 0.0137288
0.00209375 0.0134179
0.0021875 0.0131272
0.00228125 0.0128547
0.002375 0.0125984
0.00246875 0.0123569
0.0025625 0.0121287
0.00265625 0.0119128
0.00275 0.011708
0.00284375 0.0115134
0.0029375 0.0113281
0.00303125 0.0111516
0.003125 0.010983
0.00321875 0.0108219
0.0033125 0.0106677
0.00340625 0.0105198
0.0035 0.010378
0.00359375 0.0102417
0.0036875 0.0101107
0.00378125 0.00998458
0.003875 0.00986306
0.00396875 0.00974587
0.0040625 0.00963276
0.00425 0.00941788
0.0044375 0.00921676
0.004625 0.009028
0.0048125 0.00885039
0.005 0.00868285
0.00515625 0.00855028
0.0053125 0.00842361
0.00546875 0.0083024
0.005625 0.00818627
0.00578125 0.00807489
0.0059375 0.00796793
0.00609375 0.00786512
0.00625 0.00776618
0.00640625 0.00767089
0.0065625 0.00757902
0.00671875 0.00749037
0.006875 0.00740476
0.0071875 0.007242
0.0075 0.00708952
0.0078125 0.00694628
0.008125 0.00681139
0.0084375 0.00668407
0.00875 0.00656362
0.0090625 0.00644946
0.009375 0.00634106
0.0096875 0.00623795
0.01 0.00613971
0.0103125 0.00604597
0.010625 0.00595639
0.0109375 0.00587068
0.01125 0.00578857
0.0115625 0.00570981
0.011875 0.00563418
0.0121875 0.00556148
0.0125 0.00549152
0.0128125 0.00542414
0.013125 0.00535917
0.0134375 0.00529649
0.01375 0.00523596
0.014375 0.00512087
0.015 0.00501305
0.015625 0.00491177
0.01625 0.00481638
0.016875 0.00472635
0.0175 0.00464118
0.018125 0.00456046
0.01875 0.00448381
0.019375 0.00441089
0.02 0.00434143
0.0206625 0.00427126
0.021325 0.00420439
0.0219875 0.00414056
0.02265 0.00407956
0.0233125 0.00402118
0.023975 0.00396523
0.0246375 0.00391155
0.0253 0.00386
0.0260719 0.00380243
0.0268437 0.00374736
0.0276156 0.00369462
0.0283875 0.00364405
0.0291594 0.00359549
0.0299312 0.00354883
0.0307031 0.00350394
0.031475 0.00346071
0.0322469 0.00341904
0.0330187 0.00337884
0.0345625 0.00330252
0.0361062 0.00323114
0.03765 0.00316421
0.0391937 0.00310127
0.0407375 0.00304194
0.0422812 0.00298589
0.043825 0.00293283
0.0453687 0.0028825
0.0469125 0.00283468
0.0484562 0.00278916
0.05 0.00274576
0.0515625 0.00270384
0.053125 0.00266378
0.0546875 0.00262545
0.05625 0.00258873
0.0578125 0.00255351
0.059375 0.00251968
0.0609375 0.00248717
0.0625 0.00245588
0.0640625 0.00242575
0.065625 0.0023967
0.0671875 0.00236866
0.06875 0.00234159
0.071875 0.00229012
0.075 0.0022419
0.078125 0.00219661
0.08125 0.00215395
0.084375 0.00211369
0.0875 0.0020756
0.090625 0.0020395
0.09375 0.00200522
0.096875 0.00197261
0.1 0.00194155
0.103125 0.0019119
0.10625 0.00188357
0.109375 0.00185647
0.1125 0.00183051
0.115625 0.0018056
0.11875 0.00178168
0.121875 0.00175869
0.125 0.00173657
0.128125 0.00171526
0.13125 0.00169472
0.134375 0.0016749
0.1375 0.00165576
0.14375 0.00161936
0.15 0.00158526
0.15625 0.00155324
0.1625 0.00152307
0.16875 0.0014946
0.175 0.00146767
0.18125 0.00144214
0.1875 0.0014179
0.19375 0.00139485
0.2 0.00137288
0.209375 0.00134179
0.21875 0.00131272
0.228125 0.00128547
0.2375 0.00125984
0.246875 0.00123569
0.25625 0.00121287
0.265625 0.00119128
0.275 0.0011708
0.284375 0.00115134
0.29375 0.00113281
0.303125 0.00111516
0.3125 0.0010983
0.321875 0.00108219
0.33125 0.00106677
0.340625 0.00105198
0.35 0.0010378
0.359375 0.00102417
0.36875 0.00101107
0.378125 0.000998458
0.3875 0.000986306
0.396875 0.000974587
0.40625 0.000963276
0.425 0.000941788
0.44375 0.000921676
0.4625 0.0009028
0.48125 0.000885038
0.5 0.000868285
0.53125 0.000842361
0.5625 0.000818627
0.59375 0.000796793
0.625 0.000776618
0.65625 0.000757902
0.6875 0.000740476
0.71875 0.0007242
0.75 0.000708952
0.78125 0.000694628
0.8125 0.000681139
0.84375 0.000668407
0.875 0.000656362
0.9375 0.000634106
1 0.000613971
1.0625 0.000595639
1.125 0.000578857
1.1875 0.000563418
1.25 0.000549152
1.3125 0.000535917
1.375 0.000523596
1.4375 0.000512087
1.5 0.000501305
1.5625 0.000491177
1.625 0.000481638
1.6875 0.000472635
1.75 0.000464118
1.875 0.000448381
2 0.000434143
2.09375 0.000424312
2.1875 0.00041512
2.28125 0.000406501
2.375 0.000398397
2.46875 0.000390759
2.5625 0.000383544
2.65625 0.000376715
2.75 0.000370238
2.9375 0.000358227
3.125 0.000347314
3.3125 0.000337341
3.5 0.000328181
3.6875 0.000319729
3.875 0.000311897
4.0625 0.000304615
4.25 0.00029782
4.4375 0.00029146
4.625 0.000285491
4.8125 0.000279874
5 0.000274576
5.3125 0.000266378
5.625 0.000258873
5.9375 0.000251968
6.25 0.000245588
6.5625 0.00023967
6.875 0.000234159
7.1875 0.000229012
7.5 0.00022419
7.8125 0.000219661
8.125 0.000215395
8.4375 0.000211369
8.75 0.00020756
9.375 0.000200522
10 0.000194154
10.625 0.000188358
11.25 0.000183051
11.875 0.000178168
12.5 0.000173657
13.125 0.000169472
13.75 0.000165576
14.375 0.000161936
15 0.000158526
15.625 0.000155324
16.25 0.000152307
16.875 0.00014946
17.5 0.000146767
18.75 0.00014179
20 0.000137288
20.9375 0.000134179
21.875 0.000131272
22.8125 0.000128547
23.75 0.000125984
24.6875 0.000123569
25.625 0.000121287
26.5625 0.000119128
27.5 0.00011708
29.375 0.000113281
31.25 0.00010983
33.125 0.000106677
35 0.00010378
36.875 0.000101107
38.75 9.86306e-05
40.625 9.63276e-05
42.5 9.41788e-05
44.375 9.21676e-05
46.25 9.028e-05
48.125 8.85038e-05
50 8.68286e-05
53.125 8.42361e-05
56.25 8.18627e-05
59.375 7.96793e-05
62.5 7.76618e-05
65.625 7.57902e-05
68.75 7.40476e-05
71.875 7.242e-05
75 7.08952e-05
78.125 6.94628e-05
81.25 6.81139e-05
84.375 6.68406e-05
87.5 6.56362e-05
93.75 6.34106e-05
100 6.13971e-05
106.25 5.95639e-05
112.5 5.78857e-05
118.75 5.63418e-05
125 5.49152e-05
131.25 5.35918e-05
137.5 5.23596e-05
143.75 5.12087e-05
150 5.01305e-05
156.25 4.91177e-05
162.5 4.81638e-05
168.75 4.72635e-05
175 4.64118e-05
187.5 4.48381e-05
200 4.34143e-05
209.375 4.24312e-05
218.75 4.1512e-05
228.125 4.06501e-05
237.5 3.98397e-05
246.875 3.90759e-05
256.25 3.83544e-05
265.625 3.76715e-05
275 3.70238e-05
293.75 3.58227e-05
312.5 3.47314e-05
331.25 3.37341e-05
350 3.28181e-05
368.75 3.19729e-05
387.5 3.11897e-05
406.25 3.04615e-05
425 2.9782e-05
443.75 2.9146e-05
462.5 2.85491e-05
481.25 2.79874e-05
500 2.74576e-05
531.25 2.68131e-05
562.5 2.62193e-05
593.75 2.56697e-05
625 2.5159e-05
656.25 2.46827e-05
687.5 2.42369e-05
718.75 2.38184e-05
750 2.34245e-05
781.25 2.30529e-05
812.5 2.27013e-05
843.75 2.23681e-05
875 2.20517e-05
937.5 2.14636e-05
1000 2.09277e-05
1062.5 2.04283e-05
1125 1.99684e-05
1187.5 1.95429e-05
1250 1.91476e-05
1312.5 1.8779e-05
1375 1.84342e-05
1437.5 1.81106e-05
1500 1.78061e-05
1562.5 1.75189e-05
1625 1.72473e-05
1687.5 1.69899e-05
1750 1.67455e-05
1875 1.62915e-05
2000 1.5878e-05
2093.75 1.56632e-05
2187.5 1.54605e-05
2281.25 1.52688e-05
2375 1.50871e-05
2468.75 1.49144e-05
2562.5 1.475e-05
2656.25 1.45933e-05
2750 1.44436e-05
2937.5 1.41631e-05
3125 1.39049e-05
3312.5 1.36661e-05
3500 1.34442e-05
3687.5 1.32372e-05
3875 1.30434e-05
4062.5 1.28614e-05
4250 1.269e-05
4437.5 1.25282e-05
4625 1.2375e-05
4812.5 1.22296e-05
5000 1.20914e-05
5312.5 1.19884e-05
5625 1.18921e-05
5937.5 1.18018e-05
6250 1.17167e-05
6562.5 1.16363e-05
6875 1.15602e-05
7187.5 1.14879e-05
7500 1.14191e-05
7812.5 1.13535e-05
8125 1.12909e-05
8437.5 1.12309e-05
8750 1.11734e-05
9375 1.10652e-05
10000 1.09649e-05
10625 1.09502e-05
11250 1.09363e-05
11875 1.09232e-05
12500 1.09107e-05
13125 1.08989e-05
13750 1.08877e-05
14375 1.08769e-05
15000 1.08667e-05
15625 1.08568e-05
16250 1.08474e-05
16875 1.08383e-05
17500 1.08296e-05
18750 1.0813e-05
20000 1.07975e-05
21250 1.09479e-05
22500 1.10917e-05
23750 1.12294e-05
25000 1.13617e-05
26250 1.14889e-05
27500 1.16115e-05
28750 1.17299e-05
30000 1.18444e-05
31250 1.19553e-05
32500 1.20628e-05
33750 1.21672e-05
35000 1.22686e-05
37500 1.24633e-05
40000 1.26482e-05
42500 1.28245e-05
45000 1.29929e-05
47500 1.31542e-05
50000 1.33091e-05
53125 1.36004e-05
56250 1.38809e-05
59375 1.41516e-05
62500 1.44133e-05
65625 1.46666e-05
68750 1.49124e-05
71875 1.5151e-05
75000 1.53831e-05
78125 1.5609e-05
81250 1.58292e-05
84375 1.60441e-05
87500 1.62538e-05
93750 1.66593e-05
100000 1.70478e-05
106250 1.74044e-05
112500 1.77474e-05
118750 1.8078e-05
125000 1.83975e-05
130000 1.86455e-05
135000 1.88873e-05
140000 1.91233e-05
142500 1.92392e-05
145000 1.93538e-05
147500 1.94671e-05
148750 1.95233e-05
150000 1.95792e-05
151000 1.96236e-05
152000 1.96679e-05
152900 1.97076e-05
154000 1.97559e-05
155000 1.97996e-05
156000 1.98431e-05
158000 1.99296e-05
160000 2.00154e-05
161250 2.00686e-05
162500 2.01216e-05
165000 2.02268e-05
170000 2.0434e-05
175000 2.06373e-05
180000 2.08368e-05
190000 2.1225e-05
200000 2.16e-05
212500 2.16262e-05
225000 2.1651e-05
237500 2.16745e-05
250000 2.16967e-05
262500 2.1718e-05
275000 2.17382e-05
287500 2.17575e-05
300000 2.17761e-05
312500 2.17939e-05
325000 2.1811e-05
337500 2.18275e-05
350000 2.18434e-05
375000 2.18736e-05
400000 2.19019e-05
425000 2.19285e-05
450000 2.19536e-05
475000 2.19774e-05
500000 2.2e-05
525000 2.2007e-05
550000 2.20137e-05
575000 2.20201e-05
600000 2.20263e-05
625000 2.20321e-05
650000 2.20378e-05
675000 2.20432e-05
700000 2.20485e-05
725000 2.20536e-05
750000 2.20584e-05
775000 2.20632e-05
800000 2.20678e-05
825000 2.20722e-05
850000 2.20765e-05
875000 2.20807e-05
900000 2.20848e-05
925000 2.20887e-05
950000 2.20926e-05
975000 2.20963e-05
1e+06 2.21e-05
1.025e+06 2.21006e-05
1.05e+06 2.21011e-05
1.053e+06 2.21012e-05
1.075e+06 2.21017e-05
1.1e+06 2.21022e-05
1.125e+06 2.21028e-05
1.15e+06 2.21033e-05
1.175e+06 2.21038e-05
1.2e+06 2.21043e-05
1.225e+06 2.21047e-05
1.25e+06 2.21052e-05
1.275e+06 2.21057e-05
1.3e+06 2.21061e-05
1.325e+06 2.21066e-05
1.35e+06 2.2107e-05
1.375e+06 2.21075e-05
1.4e+06 2.21079e-05
1.425e+06 2.21083e-05
1.45e+06 2.21087e-05
1.475e+06 2.21091e-05
1.5e+06 2.21095e-05
1.525e+06 2.21099e-05
1.55e+06 2.21103e-05
1.553e+06 2.21103e-05
1.575e+06 2.21106e-05
1.6e+06 2.2111e-05
1.625e+06 2.21114e-05
1.65e+06 2.21117e-05
1.675e+06 2.21121e-05
1.68e+06 2.21122e-05
1.7e+06 2.21124e-05
1.71e+06 2.21126e-05
1.715e+06 2.21126e-05
1.72e+06 2.21127e-05
1.725e+06 2.21128e-05
1.73e+06 2.21128e-05
1.732e+06 2.21129e-05
1.734e+06 2.21129e-05
1.736e+06 2.21129e-05
1.738e+06 2.21129e-05
1.74e+06 2.2113e-05
1.745e+06 2.2113e-05
1.75e+06 2.21131e-05
1.755e+06 2.21132e-05
1.76e+06 2.21132e-05
1.77e+06 2.21134e-05
1.775e+06 2.21134e-05
1.78e+06 2.21135e-05
1.79e+06 2.21136e-05
1.8e+06 2.21138e-05
1.82e+06 2.2114e-05
1.825e+06 2.21141e-05
1.85e+06 2.21144e-05
1.875e+06 2.21147e-05
1.9e+06 2.2115e-05
1.925e+06 2.21153e-05
1.95e+06 2.21156e-05
1.975e+06 2.21159e-05
1.983e+06 2.2116e-05
1.991e+06 2.21161e-05
2e+06 2.21162e-05
2.025e+06 2.21165e-05
2.05e+06 2.21168e-05
2.052e+06 2.21168e-05
2.053e+06 2.21168e-05
2.054e+06 2.21169e-05
2.056e+06 2.21169e-05
2.058e+06 2.21169e-05
2.06e+06 2.21169e-05
2.061e+06 2.21169e-05
2.062e+06 2.21169e-05
2.063e+06 2.2117e-05
2.064e+06 2.2117e-05
2.065e+06 2.2117e-05
2.066e+06 2.2117e-05
2.067e+06 2.2117e-05
2.068e+06 2.2117e-05
2.069e+06 2.2117e-05
2.07e+06 2.2117e-05
2.071e+06 2.2117e-05
2.072e+06 2.21171e-05
2.073e+06 2.21171e-05
2.074e+06 2.21171e-05
2.075e+06 2.21171e-05
2.076e+06 2.21171e-05
2.077e+06 2.21171e-05
2.078e+06 2.21171e-05
2.079e+06 2.21171e-05
2.08e+06 2.21171e-05
2.081e+06 2.21172e-05
2.082e+06 2.21172e-05
2.083e+06 2.21172e-05
2.084e+06 2.21172e-05
2.085e+06 2.21172e-05
2.086e+06 2.21172e-05
2.087e+06 2.21172e-05
2.088e+06 2.21172e-05
2.089e+06 2.21172e-05
2.09e+06 2.21173e-05
2.091e+06 2.21173e-05
2.092e+06 2.21173e-05
2.093e+06 2.21173e-05
2.094e+06 2.21173e-05
2.095e+06 2.21173e-05
2.096e+06 2.21173e-05
2.097e+06 2.21173e-05
2.098e+06 2.21173e-05
2.099e+06 2.21174e-05
2.1e+06 2.21174e-05
2.102e+06 2.21174e-05
2.104e+06 2.21174e-05
2.106e+06 2.21174e-05
2.108e+06 2.21175e-05
2.11e+06 2.21175e-05
2.112e+06 2.21175e-05
2.114e+06 2.21175e-05
2.116e+06 2.21175e-05
2.118e+06 2.21176e-05
2.12e+06 2.21176e-05
2.14e+06 2.21178e-05
2.16e+06 2.2118e-05
2.18e+06 2.21183e-05
2.2e+06 2.21185e-05
2.22e+06 2.21187e-05
2.24e+06 2.21189e-05
2.26e+06 2.21191e-05
2.28e+06 2.21193e-05
2.3e+06 2.21195e-05
2.32e+06 2.21197e-05
2.34e+06 2.21199e-05
2.36e+06 2.21201e-05
2.38e+06 2.21203e-05
2.4e+06 2.21205e-05
2.42e+06 2.21207e-05
2.44e+06 2.21209e-05
2.46e+06 2.21211e-05
2.48e+06 2.21213e-05
2.5e+06 2.21215e-05
2.52e+06 2.21216e-05
2.54e+06 2.21218e-05
2.553e+06 2.21219e-05
2.56e+06 2.2122e-05
2.58e+06 2.21222e-05
2.6e+06 2.21224e-05
2.62e+06 2.21226e-05
2.64e+06 2.21227e-05
2.66e+06 2.21229e-05
2.68e+06 2.21231e-05
2.7e+06 2.21233e-05
2.72e+06 2.21234e-05
2.74e+06 2.21236e-05
2.76e+06 2.21238e-05
2.78e+06 2.21239e-05
2.785e+06 2.2124e-05
2.79e+06 2.2124e-05
2.795e+06 2.21241e-05
2.8e+06 2.21241e-05
2.802e+06 2.21241e-05
2.804e+06 2.21241e-05
2.806e+06 2.21242e-05
2.808e+06 2.21242e-05
2.81e+06 2.21242e-05
2.811e+06 2.21242e-05
2.812e+06 2.21242e-05
2.813e+06 2.21242e-05
2.814e+06 2.21242e-05
2.815e+06 2.21242e-05
2.816e+06 2.21242e-05
2.817e+06 2.21243e-05
2.818e+06 2.21243e-05
2.819e+06 2.21243e-05
2.82e+06 2.21243e-05
2.822e+06 2.21243e-05
2.824e+06 2.21243e-05
2.826e+06 2.21243e-05
2.828e+06 2.21243e-05
2.83e+06 2.21244e-05
2.835e+06 2.21244e-05
2.84e+06 2.21244e-05
2.845e+06 2.21245e-05
2.85e+06 2.21245e-05
2.855e+06 2.21246e-05
2.86e+06 2.21246e-05
2.865e+06 2.21246e-05
2.87e+06 2.21247e-05
2.875e+06 2.21247e-05
2.88e+06 2.21248e-05
2.885e+06 2.21248e-05
2.89e+06 2.21248e-05
2.895e+06 2.21249e-05
2.9e+06 2.21249e-05
2.905e+06 2.2125e-05
2.91e+06 2.2125e-05
2.915e+06 2.2125e-05
2.92e+06 2.21251e-05
2.924e+06 2.21251e-05
2.928e+06 2.21252e-05
2.932e+06 2.21252e-05
2.936e+06 2.21252e-05
2.94e+06 2.21252e-05
2.944e+06 2.21253e-05
2.948e+06 2.21253e-05
2.952e+06 2.21253e-05
2.956e+06 2.21254e-05
2.96e+06 2.21254e-05
2.964e+06 2.21254e-05
2.968e+06 2.21255e-05
2.972e+06 2.21255e-05
2.976e+06 2.21255e-05
2.98e+06 2.21256e-05
2.984e+06 2.21256e-05
2.988e+06 2.21256e-05
2.992e+06 2.21257e-05
2.996e+06 2.21257e-05
3e+06 2.21257e-05
3.01e+06 2.21258e-05
3.02e+06 2.21259e-05
3.03e+06 2.2126e-05
3.04e+06 2.2126e-05
3.05e+06 2.21261e-05
3.053e+06 2.21261e-05
3.06e+06 2.21262e-05
3.08e+06 2.21263e-05
3.1e+06 2.21265e-05
3.12e+06 2.21266e-05
3.14e+06 2.21268e-05
3.16e+06 2.21269e-05
3.18e+06 2.21271e-05
3.2e+06 2.21272e-05
3.22e+06 2.21274e-05
3.24e+06 2.21275e-05
3.26e+06 2.21277e-05
3.28e+06 2.21278e-05
3.3e+06 2.2128e-05
3.32e+06 2.21281e-05
3.34e+06 2.21282e-05
3.36e+06 2.21284e-05
3.38e+06 2.21285e-05
3.4e+06 2.21287e-05
3.42e+06 2.21288e-05
3.44e+06 2.21289e-05
3.46e+06 2.21291e-05
3.48e+06 2.21292e-05
3.5e+06 2.21293e-05
3.52e+06 2.21295e-05
3.54e+06 2.21296e-05
3.553e+06 2.21297e-05
3.56e+06 2.21297e-05
3.58e+06 2.21299e-05
3.6e+06 2.213e-05
3.62e+06 2.21301e-05
3.64e+06 2.21303e-05
3.66e+06 2.21304e-05
3.68e+06 2.21305e-05
3.7e+06 2.21306e-05
3.72e+06 2.21308e-05
3.74e+06 2.21309e-05
3.76e+06 2.2131e-05
3.78e+06 2.21311e-05
3.8e+06 2.21313e-05
3.82e+06 2.21314e-05
3.84e+06 2.21315e-05
3.86e+06 2.21316e-05
3.88e+06 2.21318e-05
3.9e+06 2.21319e-05
3.92e+06 2.2132e-05
3.94e+06 2.21321e-05
3.96e+06 2.21322e-05
3.98e+06 2.21324e-05
4e+06 2.21325e-05
4.01e+06 2.21325e-05
4.02e+06 2.21326e-05
4.03e+06 2.21326e-05
4.04e+06 2.21327e-05
4.05e+06 2.21328e-05
4.053e+06 2.21328e-05
4.06e+06 2.21328e-05
4.07e+06 2.21329e-05
4.08e+06 2.21329e-05
4.09e+06 2.2133e-05
4.1e+06 2.2133e-05
4.11e+06 2.21331e-05
4.12e+06 2.21332e-05
4.13e+06 2.21332e-05
4.14e+06 2.21333e-05
4.15e+06 2.21333e-05
4.16e+06 2.21334e-05
4.17e+06 2.21334e-05
4.18e+06 2.21335e-05
4.19e+06 2.21336e-05
4.2e+06 2.21336e-05
4.21e+06 2.21337e-05
4.22e+06 2.21337e-05
4.23e+06 2.21338e-05
4.24e+06 2.21338e-05
4.25e+06 2.21339e-05
4.26e+06 2.21339e-05
4.27e+06 2.2134e-05
4.28e+06 2.21341e-05
4.29e+06 2.21341e-05
4.3e+06 2.21342e-05
4.31e+06 2.21342e-05
4.32e+06 2.21343e-05
4.33e+06 2.21343e-05
4.34e+06 2.21344e-05
4.35e+06 2.21344e-05
4.36e+06 2.21345e-05
4.37e+06 2.21345e-05
4.38e+06 2.21346e-05
4.39e+06 2.21346e-05
4.4e+06 2.21347e-05
4.42e+06 2.21348e-05
4.44e+06 2.21349e-05
4.46e+06 2.2135e-05
4.48e+06 2.21351e-05
4.5e+06 2.21352e-05
4.52e+06 2.21353e-05
4.54e+06 2.21354e-05
4.553e+06 2.21355e-05
4.56e+06 2.21355e-05
4.58e+06 2.21356e-05
4.6e+06 2.21357e-05
4.62e+06 2.21358e-05
4.64e+06 2.21359e-05
4.66e+06 2.2136e-05
4.68e+06 2.21361e-05
4.7e+06 2.21363e-05
4.72e+06 2.21364e-05
4.74e+06 2.21365e-05
4.76e+06 2.21366e-05
4.78e+06 2.21367e-05
4.8e+06 2.21367e-05
4.81e+06 2.21368e-05
4.812e+06 2.21368e-05
4.81209e+06 2.21368e-05
4.82e+06 2.21368e-05
4.85e+06 2.2137e-05
4.8999e+06 2.21372e-05
4.9e+06 2.21372e-05
4.9194e+06 2.21373e-05
4.92e+06 2.21373e-05
4.93e+06 2.21374e-05
4.9345e+06 2.21374e-05
4.9355e+06 2.21374e-05
4.9367e+06 2.21374e-05
4.9385e+06 2.21374e-05
4.9395e+06 2.21374e-05
4.94e+06 2.21374e-05
4.9432e+06 2.21374e-05
4.9481e+06 2.21375e-05
4.95e+06 2.21375e-05
4.9546e+06 2.21375e-05
4.9584e+06 2.21375e-05
4.98e+06 2.21376e-05
4.99e+06 2.21376e-05
5e+06 2.21377e-05
5.001e+06 2.21443e-05
5.03e+06 2.23365e-05
5.053e+06 2.24894e-05
5.1e+06 2.28028e-05
5.12e+06 2.29366e-05
5.15e+06 2.31378e-05
5.18e+06 2.33395e-05
5.2e+06 2.34744e-05
5.23e+06 2.36771e-05
5.28e+06 2.40162e-05
5.3e+06 2.41523e-05
5.33e+06 2.4357e-05
5.335e+06 2.43912e-05
5.34e+06 2.44253e-05
5.36e+06 2.45622e-05
5.362e+06 2.45759e-05
5.37e+06 2.46307e-05
5.371e+06 2.46376e-05
5.378e+06 2.46856e-05
5.38e+06 2.46993e-05
5.39e+06 2.4768e-05
5.4e+06 2.48367e-05
5.41e+06 2.49055e-05
5.42e+06 2.49743e-05
5.43e+06 2.50432e-05
5.44e+06 2.51122e-05
5.46e+06 2.52503e-05
5.47474e+06 2.53523e-05
5.5e+06 2.57061e-05
5.55e+06 2.6416e-05
5.553e+06 2.6459e-05
5.6e+06 2.71389e-05
5.65e+06 2.78748e-05
5.7e+06 2.8624e-05
5.8e+06 3.01625e-05
5.9e+06 3.17553e-05
6e+06 3.34032e-05
6.05e+06 3.41216e-05
6.053e+06 3.4165e-05
6.125e+06 3.52166e-05
6.16e+06 3.57349e-05
6.174e+06 3.59435e-05
6.18e+06 3.60331e-05
6.1812e+06 3.60511e-05
6.18124e+06 3.60517e-05
6.19e+06 3.61828e-05
6.2e+06 3.63329e-05
6.21e+06 3.64833e-05
6.22e+06 3.66341e-05
6.23e+06 3.67853e-05
6.24e+06 3.69369e-05
6.25e+06 3.70889e-05
6.285e+06 3.76238e-05
6.295e+06 3.77774e-05
6.303e+06 3.79006e-05
6.31e+06 3.80087e-05
6.32e+06 3.81633e-05
6.33e+06 3.83183e-05
6.34e+06 3.84737e-05
6.35e+06 3.86295e-05
6.36e+06 3.87857e-05
6.37e+06 3.89422e-05
6.39e+06 3.92565e-05
6.4e+06 3.94142e-05
6.41e+06 3.95723e-05
6.42e+06 3.97307e-05
6.43e+06 3.98896e-05
6.44e+06 4.00489e-05
6.45e+06 4.02085e-05
6.47e+06 4.0529e-05
6.49e+06 4.0851e-05
6.51e+06 4.11745e-05
6.54e+06 4.16628e-05
6.553e+06 4.18754e-05
6.55808e+06 4.19587e-05
6.56e+06 4.19981e-05
6.57e+06 4.22041e-05
6.58e+06 4.24106e-05
6.59e+06 4.26179e-05
6.6e+06 4.28259e-05
6.62e+06 4.3244e-05
6.64e+06 4.36648e-05
6.658e+06 4.4046e-05
6.665e+06 4.41949e-05
6.67e+06 4.43014e-05
6.68e+06 4.4515e-05
6.7e+06 4.49443e-05
6.75e+06 4.60301e-05
6.81e+06 4.73567e-05
6.92e+06 4.98568e-05
7e+06 5.17311e-05
7.053e+06 5.28209e-05
7.1e+06 5.37996e-05
7.14e+06 5.46415e-05
7.18e+06 5.54918e-05
7.2e+06 5.59201e-05
7.22e+06 5.63505e-05
7.225e+06 5.64584e-05
7.25e+06 5.7e-05
7.27e+06 5.74357e-05
7.28e+06 5.76543e-05
7.34e+06 5.89773e-05
7.35e+06 5.91996e-05
7.36e+06 5.94225e-05
7.37e+06 5.96459e-05
7.4e+06 6.03194e-05
7.42e+06 6.07711e-05
7.47e+06 6.19097e-05
7.529e+06 6.32707e-05
7.542e+06 6.35731e-05
7.553e+06 6.38297e-05
7.594e+06 6.4792e-05
7.62e+06 6.5407e-05
7.64141e+06 6.59162e-05
7.65e+06 6.60903e-05
7.667e+06 6.64357e-05
7.68e+06 6.67004e-05
7.698e+06 6.70681e-05
7.7e+06 6.7109e-05
7.725e+06 6.76217e-05
7.745e+06 6.80334e-05
7.75e+06 6.81366e-05
7.77e+06 6.85502e-05
7.789e+06 6.89444e-05
7.81e+06 6.93816e-05
7.819e+06 6.95695e-05
7.86e+06 7.0429e-05
7.8864e+06 7.09857e-05
7.88645e+06 7.09867e-05
7.888e+06 7.10195e-05
7.897e+06 7.12099e-05
7.93e+06 7.19106e-05
7.936e+06 7.20384e-05
8e+06 7.34098e-05
8.005e+06 7.35091e-05
8.01e+06 7.36084e-05
8.014e+06 7.3688e-05
8.044e+06 7.42859e-05
8.053e+06 7.44658e-05
8.079e+06 7.49868e-05
8.08e+06 7.50069e-05
8.1e+06 7.54091e-05
8.101e+06 7.54292e-05
8.105e+06 7.55098e-05
8.109e+06 7.55904e-05
8.12e+06 7.58124e-05
8.131e+06 7.60347e-05
8.138e+06 7.61764e-05
8.16e+06 7.66225e-05
8.166e+06 7.67444e-05
8.2e+06 7.74372e-05
8.21e+06 7.76417e-05
8.218e+06 7.78054e-05
8.24e+06 7.82566e-05
8.28e+06 7.90806e-05
8.2958e+06 7.94074e-05
8.2962e+06 7.94157e-05
8.29622e+06 7.94161e-05
8.32e+06 7.99093e-05
8.33e+06 8.01172e-05
8.391e+06 8.13916e-05
8.4e+06 8.15806e-05
8.426e+06 8.21277e-05
8.448e+06 8.25923e-05
8.45e+06 8.26346e-05
8.48e+06 8.32704e-05
8.4995e+06 8.36852e-05
8.5e+06 8.36958e-05
8.52e+06 8.41224e-05
8.553e+06 8.48287e-05
8.6e+06 8.58402e-05
8.611e+06 8.60779e-05
8.664e+06 8.7228e-05
8.7e+06 8.80138e-05
8.708e+06 8.8189e-05
8.72474e+06 8.85561e-05
8.75e+06 8.85215e-05
8.768e+06 8.84969e-05
8.8e+06 8.84534e-05
8.833e+06 8.84087e-05
8.85e+06 8.83857e-05
8.885e+06 8.83386e-05
8.92e+06 8.82917e-05
8.94e+06 8.82649e-05
8.98e+06 8.82117e-05
9e+06 8.81852e-05
9.005e+06 8.81781e-05
9.02e+06 8.81569e-05
9.03e+06 8.81428e-05
9.045e+06 8.81217e-05
9.053e+06 8.81105e-05
9.067e+06 8.80908e-05
9.08e+06 8.80726e-05
9.149e+06 8.79764e-05
9.163e+06 8.7957e-05
9.18e+06 8.79335e-05
9.219e+06 8.78796e-05
9.25e+06 8.78371e-05
9.254e+06 8.78316e-05
9.3e+06 8.77687e-05
9.36e+06 8.76873e-05
9.4e+06 8.76333e-05
9.45e+06 8.75662e-05
9.5e+06 8.74995e-05
9.522e+06 8.74703e-05
9.553e+06 8.74293e-05
9.56e+06 8.742e-05
9.59e+06 8.73805e-05
9.6e+06 8.73674e-05
9.63e+06 8.7328e-05
9.64e+06 8.73149e-05
9.678e+06 8.72653e-05
9.68e+06 8.72627e-05
9.692e+06 8.72471e-05
9.7e+06 8.72367e-05
9.726e+06 8.7203e-05
9.74e+06 8.71849e-05
9.75e+06 8.7172e-05
9.8e+06 8.71077e-05
9.80808e+06 8.70973e-05
9.821e+06 8.69379e-05
9.83e+06 8.68271e-05
9.868e+06 8.63621e-05
9.9e+06 8.59739e-05
9.917e+06 8.57688e-05
9.921e+06 8.57207e-05
1e+07 8.47797e-05
1.005e+07 8.411e-05
1.0053e+07 8.40701e-05
1.017e+07 8.25373e-05
1.025e+07 8.15153e-05
1.03e+07 8.08869e-05
1.0372e+07 7.99959e-05
1.04e+07 7.96537e-05
1.0448e+07 7.90725e-05
1.04481e+07 7.90718e-05
1.0478e+07 7.87128e-05
1.05e+07 7.84507e-05
1.0506e+07 7.83795e-05
1.0536e+07 7.80249e-05
1.055e+07 7.78603e-05
1.0553e+07 7.78251e-05
1.062e+07 7.70458e-05
1.069e+07 7.62451e-05
1.07e+07 7.61318e-05
1.075e+07 7.55695e-05
1.08e+07 7.5014e-05
1.083e+07 7.46838e-05
1.08914e+07 7.40154e-05
1.09e+07 7.39136e-05
1.094e+07 7.3443e-05
1.1e+07 7.27458e-05
1.1004e+07 7.26927e-05
1.1053e+07 7.20475e-05
1.1096e+07 7.14883e-05
1.11e+07 7.14367e-05
1.1166e+07 7.05919e-05
1.117e+07 7.05411e-05
1.125e+07 6.95381e-05
1.13e+07 6.89221e-05
1.14e+07 6.77143e-05
1.15e+07 6.65379e-05
1.1553e+07 6.59268e-05
1.1708e+07 6.4187e-05
1.175e+07 6.37274e-05
1.1751e+07 6.37166e-05
1.18e+07 6.31867e-05
1.1828e+07 6.28869e-05
1.19e+07 6.21257e-05
1.1909e+07 6.20316e-05
1.1917e+07 6.1948e-05
1.19747e+07 6.13505e-05
1.2e+07 6.10971e-05
1.205e+07 6.05315e-05
1.2053e+07 6.04978e-05
1.2088e+07 6.01066e-05
1.21e+07 5.99734e-05
1.2196e+07 5.89225e-05
1.2224e+07 5.8621e-05
1.225e+07 5.83431e-05
1.23e+07 5.78139e-05
1.24e+07 5.67762e-05
1.25e+07 5.57652e-05
1.2553e+07 5.52399e-05
1.2599e+07 5.47897e-05
1.27e+07 5.38198e-05
1.2738e+07 5.34614e-05
1.2792e+07 5.29578e-05
1.29e+07 5.19712e-05
1.299e+07 5.11692e-05
1.3e+07 5.10812e-05
1.3053e+07 5.05502e-05
1.30581e+07 5.04995e-05
1.31e+07 5.13307e-05
1.312e+07 5.17314e-05
1.325e+07 5.43971e-05
1.328e+07 5.50277e-05
1.33e+07 5.54514e-05
1.35e+07 5.98338e-05
1.35208e+07 6.03051e-05
1.354e+07 6.06887e-05
1.3553e+07 6.09495e-05
1.3587e+07 6.16358e-05
1.3646e+07 6.28408e-05
1.37e+07 6.39597e-05
1.3767e+07 6.53694e-05
1.37674e+07 6.53783e-05
1.3822e+07 6.65445e-05
1.383e+07 6.67168e-05
1.3965e+07 6.96767e-05
1.4e+07 7.04604e-05
1.4053e+07 7.15726e-05
1.41414e+07 7.34572e-05
1.4182e+07 7.50035e-05
1.425e+07 7.76564e-05
1.4364e+07 8.22856e-05
1.4419e+07 8.46027e-05
1.4472e+07 8.68886e-05
1.45e+07 8.81176e-05
1.4553e+07 9.04851e-05
1.45644e+07 9.10014e-05
1.4566e+07 9.10628e-05
1.4653e+07 9.44572e-05
1.4694e+07 9.60931e-05
1.475e+07 9.83659e-05
1.4767e+07 9.90646e-05
1.4807e+07 0.000100725
1.4812e+07 0.000100934
1.4837e+07 0.000101986
1.4863e+07 0.000103089
1.4887e+07 0.000104116
1.4888e+07 0.000104159
1.4892e+07 0.000104331
1.4906e+07 0.000104936
1.4909e+07 0.000105066
1.4927e+07 0.000105848
1.4954e+07 0.00010703
1.4962e+07 0.000107382
1.4996e+07 0.00010889
1.5e+07 0.000109069
1.5006e+07 0.00010931
1.5045e+07 0.000110886
1.5053e+07 0.000111211
1.5093e+07 0.000112851
1.52247e+07 0.00011839
1.5248e+07 0.00011945
1.5263e+07 0.000120137
1.52634e+07 0.000120155
1.5448e+07 0.00012888
1.5477e+07 0.000130297
1.55e+07 0.00013143
1.5553e+07 0.000134072
1.5731e+07 0.000143269
1.5966e+07 0.000156206
1.597e+07 0.000156435
1.599e+07 0.000157581
1.6e+07 0.000158156
1.6053e+07 0.000160789
1.6068e+07 0.000161541
1.6256e+07 0.000171202
1.63081e+07 0.000173959
1.6347e+07 0.000175456
1.63474e+07 0.000175473
1.6443e+07 0.000179191
1.65e+07 0.000181435
1.6532e+07 0.000182704
1.6553e+07 0.00018354
1.6695e+07 0.000189267
1.682e+07 0.000194414
1.6824e+07 0.00019458
1.6974e+07 0.000200893
1.7e+07 0.000202002
1.7053e+07 0.000204101
1.7074e+07 0.000204937
1.7138e+07 0.000207499
1.7298e+07 0.000214003
1.72982e+07 0.00021401
1.73e+07 0.000214085
1.7301e+07 0.000214127
1.73914e+07 0.000217865
1.7431e+07 0.000218474
1.74315e+07 0.000218481
1.7467e+07 0.000219027
1.75e+07 0.000219535
1.7553e+07 0.00022035
1.7616e+07 0.000221321
1.7687e+07 0.000222415
1.79e+07 0.000225705
1.7901e+07 0.00022572
1.8e+07 0.000227252
1.8053e+07 0.000228067
1.8087e+07 0.000228591
1.8158e+07 0.000229684
1.8273e+07 0.000231458
1.846e+07 0.000234347
1.84747e+07 0.000234574
1.85e+07 0.000234449
1.8516e+07 0.00023437
1.8553e+07 0.000234189
1.8632e+07 0.000233802
1.87e+07 0.000233471
1.8833e+07 0.000232829
1.9e+07 0.000232031
1.903e+07 0.000231883
1.9034e+07 0.000231863
1.9053e+07 0.00023177
1.9185e+07 0.000231123
1.9346e+07 0.000230343
1.95e+07 0.000229605
1.9511e+07 0.000229553
1.9553e+07 0.000229353
1.95581e+07 0.000229329
1.96e+07 0.000228154
1.9661e+07 0.000226458
1.9794e+07 0.000222822
1.9892e+07 0.000220196
2e+07 0.000217352
2e+07 0.000211267
2.02955e+07 0.000210789
2.1e+07 0.00020965
2.2e+07 0.000208032
2.3e+07 0.000206415
2.4e+07 0.000204797
2.42789e+07 0.000204346
2.44869e+07 0.00020401
2.5e+07 0.00020318
2.6e+07 0.000201562
2.7e+07 0.000199945
2.70587e+07 0.00019985
2.73039e+07 0.000199453
2.8e+07 0.000198327
2.84729e+07 0.000197563
2.89234e+07 0.000196834
2.9e+07 0.00019671
3e+07 0.000195093
3.1e+07 0.000193475
3.2e+07 0.000191858
3.21383e+07 0.000191634
3.3e+07 0.00019024
3.4e+07 0.000188623
3.45184e+07 0.000187784
3.5e+07 0.000187005
3.5092e+07 0.000186857
3.6e+07 0.000185388
3.7e+07 0.000183771
3.8e+07 0.000182153
3.9e+07 0.000180536
4e+07 0.000178918
4.1e+07 0.000177301
4.2e+07 0.000175683
4.3e+07 0.000174066
4.4e+07 0.000172448
4.5e+07 0.000170831
4.6e+07 0.000169214
4.7e+07 0.000167596
4.8e+07 0.000165979
4.9e+07 0.000164361
5e+07 0.000162744
5.1e+07 0.000161126
5.2e+07 0.000159509
5.3e+07 0.000157891
5.4e+07 0.000156274
5.5e+07 0.000154657
5.6e+07 0.000153039
5.65866e+07 0.00015209
5.7e+07 0.000151422
5.75937e+07 0.000150461
5.8e+07 0.000149804
5.9e+07 0.000148187
6e+07 0.000146569
6.1e+07 0.000144952
6.2e+07 0.000143335
6.3e+07 0.000141717
6.4e+07 0.0001401
6.5e+07 0.000138482
6.6e+07 0.000136865
6.7e+07 0.000135247
6.8e+07 0.00013363
6.9e+07 0.000132012
7e+07 0.000130395
7.1e+07 0.000128778
7.2e+07 0.00012716
7.3e+07 0.000125543
7.4e+07 0.000123925
7.5e+07 0.000122308
7.6e+07 0.000120691
7.7e+07 0.000119073
7.8e+07 0.000117456
7.9e+07 0.000115838
8e+07 0.000114221
8.1e+07 0.000112603
8.2e+07 0.000110986
8.3e+07 0.000109368
8.4e+07 0.000107751
8.5e+07 0.000106134
8.6e+07 0.000104516
8.7e+07 0.000102899
8.8e+07 0.000101281
8.9e+07 9.96637e-05
9e+07 9.80463e-05
9.1e+07 9.64289e-05
9.2e+07 9.48114e-05
9.3e+07 9.3194e-05
9.4e+07 9.15766e-05
9.5e+07 8.99591e-05
9.6e+07 8.83417e-05
9.7e+07 8.67242e-05
9.8e+07 8.51068e-05
9.9e+07 8.34894e-05
1e+08 8.18719e-05
1.02e+08 7.86371e-05
1.04e+08 7.54022e-05
1.06e+08 7.21673e-05
1.08e+08 6.89324e-05
1.1e+08 6.56975e-05
1.12e+08 6.24627e-05
1.14e+08 5.92278e-05
1.16e+08 5.59929e-05
1.18e+08 5.2758e-05
1.2e+08 4.95232e-05
1.22e+08 4.62883e-05
1.24e+08 4.30534e-05
1.26e+08 3.98185e-05
1.28e+08 3.65837e-05
1.3e+08 3.33488e-05
1.32e+08 3.01139e-05
1.34e+08 2.6879e-05
1.36e+08 2.36441e-05
1.38e+08 2.04093e-05
1.4e+08 1.71744e-05
1.42e+08 1.39395e-05
1.44e+08 1.07046e-05
1.46e+08 7.46975e-06
1.48e+08 4.23488e-06
1.5e+08 1e-06
