G4NDL
ENDF/B-VII.1
0
0
557
4.81209e+06 0
4.82e+06 0.0021849
4.85e+06 0.01047
4.8999e+06 0.0287558
4.9e+06 0.0287929
4.9194e+06 0.0364099
4.92e+06 0.0366448
4.93e+06 0.0418799
4.9345e+06 0.0436469
4.9355e+06 0.0440389
4.9367e+06 0.0445109
4.9385e+06 0.0452168
4.9395e+06 0.0456099
4.94e+06 0.0458059
4.9432e+06 0.0466439
4.9481e+06 0.0479268
4.95e+06 0.0484239
4.9546e+06 0.0504308
4.9584e+06 0.0520878
4.98e+06 0.0615108
4.99e+06 0.0621659
5e+06 0.0628199
5.001e+06 0.0629398
5.03e+06 0.0596497
5.053e+06 0.0569694
5.1e+06 0.0592402
5.12e+06 0.0636001
5.15e+06 0.0726298
5.18e+06 0.0814496
5.2e+06 0.0870096
5.23e+06 0.0933804
5.28e+06 0.09943
5.3e+06 0.1009
5.33e+06 0.1126
5.335e+06 0.1165
5.34e+06 0.1054
5.36e+06 0.1197
5.362e+06 0.1275
5.37e+06 0.1282
5.371e+06 0.1271
5.378e+06 0.1269
5.38e+06 0.1257
5.39e+06 0.125
5.4e+06 0.1249
5.41e+06 0.1273
5.42e+06 0.1291
5.43e+06 0.129
5.44e+06 0.1306
5.46e+06 0.1292
5.47474e+06 0.128906
5.5e+06 0.1284
5.55e+06 0.1284
5.553e+06 0.1291
5.6e+06 0.1299
5.65e+06 0.1372
5.7e+06 0.1481
5.8e+06 0.1689
5.9e+06 0.1943
6e+06 0.2221
6.05e+06 0.2314
6.053e+06 0.2323
6.125e+06 0.2424
6.16e+06 0.2482
6.174e+06 0.2505
6.18e+06 0.2504
6.1812e+06 0.250184
6.18124e+06 0.250176
6.19e+06 0.248638
6.2e+06 0.246958
6.21e+06 0.250518
6.22e+06 0.254378
6.23e+06 0.259638
6.24e+06 0.266599
6.25e+06 0.265659
6.285e+06 0.310469
6.295e+06 0.32803
6.303e+06 0.335678
6.31e+06 0.34882
6.32e+06 0.33878
6.33e+06 0.33454
6.34e+06 0.32784
6.35e+06 0.335541
6.36e+06 0.376542
6.37e+06 0.340343
6.39e+06 0.289045
6.4e+06 0.282245
6.41e+06 0.270245
6.42e+06 0.264446
6.43e+06 0.261447
6.44e+06 0.251848
6.45e+06 0.246049
6.47e+06 0.23205
6.49e+06 0.227151
6.51e+06 0.232852
6.54e+06 0.266255
6.553e+06 0.263856
6.55808e+06 0.259719
6.56e+06 0.258156
6.57e+06 0.238957
6.58e+06 0.230858
6.59e+06 0.238158
6.6e+06 0.223759
6.62e+06 0.204861
6.64e+06 0.171862
6.658e+06 0.198863
6.665e+06 0.180564
6.67e+06 0.178864
6.68e+06 0.181365
6.7e+06 0.180966
6.75e+06 0.16577
6.81e+06 0.152074
6.92e+06 0.163782
7e+06 0.171287
7.053e+06 0.176391
7.1e+06 0.179594
7.14e+06 0.185197
7.18e+06 0.195
7.2e+06 0.2047
7.22e+06 0.209697
7.225e+06 0.211446
7.25e+06 0.229887
7.27e+06 0.246374
7.28e+06 0.254466
7.34e+06 0.312364
7.35e+06 0.326186
7.36e+06 0.33324
7.37e+06 0.344537
7.4e+06 0.367518
7.42e+06 0.372748
7.47e+06 0.384133
7.529e+06 0.375738
7.542e+06 0.371101
7.553e+06 0.370058
7.594e+06 0.366001
7.62e+06 0.374611
7.64141e+06 0.382286
7.65e+06 0.385366
7.667e+06 0.391435
7.68e+06 0.393657
7.698e+06 0.402243
7.7e+06 0.402341
7.725e+06 0.426329
7.745e+06 0.438423
7.75e+06 0.438366
7.77e+06 0.451491
7.789e+06 0.459779
7.81e+06 0.472927
7.819e+06 0.476588
7.86e+06 0.479862
7.8864e+06 0.477804
7.88645e+06 0.477699
7.888e+06 0.474318
7.897e+06 0.473998
7.93e+06 0.480831
7.936e+06 0.481472
8e+06 0.501833
8.005e+06 0.509132
8.01e+06 0.511023
8.014e+06 0.52077
8.044e+06 0.545639
8.053e+06 0.551937
8.079e+06 0.562174
8.08e+06 0.561075
8.1e+06 0.568604
8.101e+06 0.571906
8.105e+06 0.570012
8.109e+06 0.567317
8.12e+06 0.568033
8.131e+06 0.565749
8.138e+06 0.565359
8.16e+06 0.55869
8.166e+06 0.553699
8.2e+06 0.543748
8.21e+06 0.521963
8.218e+06 0.510873
8.24e+06 0.478905
8.28e+06 0.422363
8.2958e+06 0.403286
8.2962e+06 0.402187
8.29622e+06 0.402172
8.32e+06 0.383094
8.33e+06 0.375865
8.391e+06 0.344111
8.4e+06 0.339365
8.426e+06 0.335311
8.448e+06 0.332689
8.45e+06 0.330023
8.48e+06 0.330737
8.4995e+06 0.326771
8.5e+06 0.32568
8.52e+06 0.326117
8.553e+06 0.326873
8.6e+06 0.324266
8.611e+06 0.322952
8.664e+06 0.317145
8.7e+06 0.322952
8.708e+06 0.325487
8.72474e+06 0.332545
8.75e+06 0.343195
8.768e+06 0.351599
8.8e+06 0.365038
8.833e+06 0.387294
8.85e+06 0.399881
8.885e+06 0.429171
8.92e+06 0.448062
8.94e+06 0.466198
8.98e+06 0.497973
9e+06 0.50181
9.005e+06 0.508499
9.02e+06 0.511965
9.03e+06 0.517243
9.045e+06 0.52101
9.053e+06 0.528351
9.067e+06 0.5284
9.08e+06 0.537831
9.149e+06 0.565356
9.163e+06 0.570505
9.18e+06 0.566907
9.219e+06 0.5991
9.25e+06 0.60105
9.254e+06 0.605921
9.3e+06 0.602537
9.36e+06 0.593304
9.4e+06 0.588614
9.45e+06 0.581402
9.5e+06 0.56589
9.522e+06 0.56517
9.553e+06 0.559007
9.56e+06 0.560828
9.59e+06 0.550847
9.6e+06 0.54772
9.63e+06 0.542639
9.64e+06 0.543912
9.678e+06 0.540469
9.68e+06 0.539504
9.692e+06 0.542912
9.7e+06 0.55065
9.726e+06 0.5605
9.74e+06 0.569642
9.75e+06 0.556915
9.8e+06 0.54478
9.80808e+06 0.540495
9.821e+06 0.533643
9.83e+06 0.532399
9.868e+06 0.519757
9.9e+06 0.51031
9.917e+06 0.508804
9.921e+06 0.505474
1e+07 0.51614
1.005e+07 0.504097
1.0053e+07 0.501728
1.017e+07 0.476154
1.025e+07 0.478326
1.03e+07 0.482882
1.0372e+07 0.502537
1.04e+07 0.502296
1.0448e+07 0.496799
1.04481e+07 0.496806
1.0478e+07 0.50109
1.05e+07 0.50471
1.0506e+07 0.505221
1.0536e+07 0.510278
1.055e+07 0.511238
1.0553e+07 0.513844
1.062e+07 0.529038
1.069e+07 0.547536
1.07e+07 0.546122
1.075e+07 0.54515
1.08e+07 0.542278
1.083e+07 0.541835
1.08914e+07 0.53815
1.09e+07 0.537634
1.094e+07 0.532676
1.1e+07 0.54629
1.1004e+07 0.544204
1.1053e+07 0.534207
1.1096e+07 0.525238
1.11e+07 0.525252
1.1166e+07 0.514841
1.117e+07 0.514255
1.125e+07 0.511045
1.13e+07 0.510076
1.14e+07 0.500538
1.15e+07 0.492
1.1553e+07 0.493485
1.1708e+07 0.498383
1.175e+07 0.501263
1.1751e+07 0.500538
1.18e+07 0.501348
1.1828e+07 0.503068
1.19e+07 0.507819
1.1909e+07 0.507101
1.1917e+07 0.509006
1.19747e+07 0.521439
1.2e+07 0.52689
1.205e+07 0.534618
1.2053e+07 0.536555
1.2088e+07 0.538695
1.21e+07 0.540546
1.2196e+07 0.515251
1.2224e+07 0.509903
1.225e+07 0.506231
1.23e+07 0.496758
1.24e+07 0.485714
1.25e+07 0.47567
1.2553e+07 0.47716
1.2599e+07 0.477678
1.27e+07 0.479178
1.2738e+07 0.477428
1.2792e+07 0.480813
1.29e+07 0.482459
1.299e+07 0.479781
1.3e+07 0.47835
1.3053e+07 0.478694
1.30581e+07 0.478858
1.31e+07 0.480204
1.312e+07 0.480715
1.325e+07 0.482435
1.328e+07 0.480401
1.33e+07 0.481612
1.35e+07 0.48742
1.35208e+07 0.488665
1.354e+07 0.489813
1.3553e+07 0.489967
1.3587e+07 0.490951
1.3646e+07 0.490307
1.37e+07 0.492289
1.3767e+07 0.493022
1.37674e+07 0.49298
1.3822e+07 0.488549
1.383e+07 0.48899
1.3965e+07 0.489138
1.4e+07 0.48297
1.4053e+07 0.490341
1.41414e+07 0.495468
1.4182e+07 0.497823
1.425e+07 0.49691
1.4364e+07 0.490775
1.4419e+07 0.487701
1.4472e+07 0.475773
1.45e+07 0.476518
1.4553e+07 0.480054
1.45644e+07 0.479797
1.4566e+07 0.479762
1.4653e+07 0.482842
1.4694e+07 0.484607
1.475e+07 0.481621
1.4767e+07 0.480008
1.4807e+07 0.478204
1.4812e+07 0.478353
1.4837e+07 0.4778
1.4863e+07 0.477317
1.4887e+07 0.47669
1.4888e+07 0.476664
1.4892e+07 0.477344
1.4906e+07 0.477122
1.4909e+07 0.477231
1.4927e+07 0.47649
1.4954e+07 0.477477
1.4962e+07 0.477836
1.4996e+07 0.480412
1.5e+07 0.479791
1.5006e+07 0.480102
1.5045e+07 0.481569
1.5053e+07 0.482282
1.5093e+07 0.483651
1.52247e+07 0.47623
1.5248e+07 0.474917
1.5263e+07 0.474743
1.52634e+07 0.474728
1.5448e+07 0.468826
1.5477e+07 0.468139
1.55e+07 0.468063
1.5553e+07 0.469834
1.5731e+07 0.473218
1.5966e+07 0.481732
1.597e+07 0.4822
1.599e+07 0.48134
1.6e+07 0.481611
1.6053e+07 0.483608
1.6068e+07 0.485189
1.6256e+07 0.479412
1.63081e+07 0.479822
1.6347e+07 0.480128
1.63474e+07 0.480139
1.6443e+07 0.485335
1.65e+07 0.483666
1.6532e+07 0.481877
1.6553e+07 0.482296
1.6695e+07 0.488783
1.682e+07 0.491869
1.6824e+07 0.491887
1.6974e+07 0.49891
1.7e+07 0.500335
1.7053e+07 0.504303
1.7074e+07 0.506449
1.7138e+07 0.510644
1.7298e+07 0.521949
1.72982e+07 0.521959
1.73e+07 0.522091
1.7301e+07 0.520947
1.73914e+07 0.524062
1.7431e+07 0.525427
1.74315e+07 0.525444
1.7467e+07 0.527565
1.75e+07 0.529404
1.7553e+07 0.530101
1.7616e+07 0.528982
1.7687e+07 0.527743
1.79e+07 0.525555
1.7901e+07 0.525606
1.8e+07 0.525173
1.8053e+07 0.522995
1.8087e+07 0.523105
1.8158e+07 0.531909
1.8273e+07 0.536592
1.846e+07 0.538606
1.84747e+07 0.538861
1.85e+07 0.539301
1.8516e+07 0.539365
1.8553e+07 0.53869
1.8632e+07 0.537251
1.87e+07 0.534155
1.8833e+07 0.527941
1.9e+07 0.518079
1.903e+07 0.516361
1.9034e+07 0.516292
1.9053e+07 0.514792
1.9185e+07 0.512707
1.9346e+07 0.513918
1.95e+07 0.516688
1.9511e+07 0.516577
1.9553e+07 0.517143
1.95581e+07 0.517511
1.96e+07 0.520538
1.9661e+07 0.519866
1.9794e+07 0.518282
1.9892e+07 0.51404
2e+07 0.526072
2e+07 0.490789
2.02955e+07 0.490432
2.1e+07 0.48879
2.2e+07 0.485792
2.3e+07 0.481794
2.4e+07 0.475795
2.42789e+07 0.473549
2.44869e+07 0.471881
2.5e+07 0.467797
2.6e+07 0.460079
2.7e+07 0.4528
2.70587e+07 0.452389
2.73039e+07 0.450702
2.8e+07 0.446139
2.84729e+07 0.443171
2.89234e+07 0.440399
2.9e+07 0.43993
3e+07 0.433805
3.1e+07 0.427741
3.2e+07 0.421913
3.21383e+07 0.421126
3.3e+07 0.41632
3.4e+07 0.410955
3.45184e+07 0.408262
3.5e+07 0.405813
3.5092e+07 0.405351
3.6e+07 0.400874
3.7e+07 0.396115
3.8e+07 0.391526
3.9e+07 0.387097
4e+07 0.382821
4.1e+07 0.378613
4.2e+07 0.37441
4.3e+07 0.370232
4.4e+07 0.366097
4.5e+07 0.362019
4.6e+07 0.358011
4.7e+07 0.354081
4.8e+07 0.350239
4.9e+07 0.346489
5e+07 0.342837
5.1e+07 0.339225
5.2e+07 0.335602
5.3e+07 0.331986
5.4e+07 0.328392
5.5e+07 0.324831
5.6e+07 0.321314
5.65866e+07 0.319276
5.7e+07 0.317851
5.75937e+07 0.315823
5.8e+07 0.314449
5.9e+07 0.311115
6e+07 0.307853
6.1e+07 0.304632
6.2e+07 0.301415
6.3e+07 0.298202
6.4e+07 0.294993
6.5e+07 0.29179
6.6e+07 0.288592
6.7e+07 0.285401
6.8e+07 0.282216
6.9e+07 0.279039
7e+07 0.27587
7.1e+07 0.272639
7.2e+07 0.269312
7.3e+07 0.265935
7.4e+07 0.262552
7.5e+07 0.259199
7.6e+07 0.255908
7.7e+07 0.252708
7.8e+07 0.249624
7.9e+07 0.246677
8e+07 0.243886
8.1e+07 0.241212
8.2e+07 0.238621
8.3e+07 0.236135
8.4e+07 0.23377
8.5e+07 0.231543
8.6e+07 0.229467
8.7e+07 0.227555
8.8e+07 0.225817
8.9e+07 0.224263
9e+07 0.222902
9.1e+07 0.221856
9.2e+07 0.221194
9.3e+07 0.220853
9.4e+07 0.220771
9.5e+07 0.220896
9.6e+07 0.221175
9.7e+07 0.221561
9.8e+07 0.222008
9.9e+07 0.222474
1e+08 0.222918
1.02e+08 0.22429
1.04e+08 0.226271
1.06e+08 0.228231
1.08e+08 0.229588
1.1e+08 0.229814
1.12e+08 0.229139
1.14e+08 0.228227
1.16e+08 0.22724
1.18e+08 0.226319
1.2e+08 0.22559
1.22e+08 0.224944
1.24e+08 0.224265
1.26e+08 0.223654
1.28e+08 0.223201
1.3e+08 0.222987
1.32e+08 0.222918
1.34e+08 0.222852
1.36e+08 0.222787
1.38e+08 0.222724
1.4e+08 0.222663
1.42e+08 0.222602
1.44e+08 0.222542
1.46e+08 0.222484
1.48e+08 0.222426
1.5e+08 0.222369
