G4NDL
ENDF/B-VII.1
repFlag:1  targetMass:236.006  frameFlag:2
nEnergy:38
nRanges:1
38 2
temp:0  energy:1e-05  tempdep:0  nLegendre:2
0
0
temp:0  energy:50000  tempdep:0  nLegendre:8
0.0554154
0.00240398
5.41688e-05
7.05418e-07
1.18851e-10
2.24344e-11
2.81496e-14
0
temp:0  energy:100000  tempdep:0  nLegendre:8
0.108577
0.00909901
0.000424348
1.13003e-05
1.59668e-09
1.46202e-09
3.77737e-12
0
temp:0  energy:150000  tempdep:0  nLegendre:8
0.153888
0.0189007
0.00136576
5.58438e-05
7.39347e-10
1.70403e-08
6.73386e-11
0
temp:0  energy:200000  tempdep:0  nLegendre:10
0.19253
0.0308763
0.003078
0.000172445
-7.57625e-09
8.65413e-08
1.45003e-09
1.53526e-11
1.1248e-13
0
temp:0  energy:400000  tempdep:0  nLegendre:10
0.295455
0.0859457
0.0197268
0.00242281
1.39298e-05
6.43975e-06
2.12964e-07
4.58046e-09
6.49255e-11
0
temp:0  energy:600000  tempdep:0  nLegendre:12
0.349097
0.135646
0.0529206
0.010535
0.000247505
8.20648e-05
4.2012e-06
2.48774e-07
7.79478e-09
2.00187e-10
2.50234e-12
0
temp:0  energy:800000  tempdep:0  nLegendre:12
0.391243
0.181001
0.101943
0.0288653
0.00156411
0.000487449
3.30718e-05
2.59588e-06
1.08326e-07
3.66131e-09
6.22256e-11
0
temp:0  energy:1e+06  tempdep:0  nLegendre:12
0.430948
0.227569
0.162292
0.0604748
0.00592751
0.0018489
0.000156687
1.53638e-05
8.04556e-07
3.39363e-08
7.30518e-10
0
temp:0  energy:1.2e+06  tempdep:0  nLegendre:14
0.481391
0.285047
0.230555
0.107198
0.016394
0.00525025
0.000538755
6.15995e-05
4.74228e-06
2.51656e-07
1.3117e-08
4.39127e-10
6.67809e-12
0
temp:0  energy:1.4e+06  tempdep:0  nLegendre:14
0.534082
0.348313
0.294527
0.163709
0.0352905
0.0117276
0.00142974
0.000192294
1.72269e-05
1.08006e-06
6.72851e-08
2.59913e-09
4.7183e-11
0
temp:0  energy:1.6e+06  tempdep:0  nLegendre:14
0.577239
0.404822
0.340765
0.217796
0.0614105
0.021303
0.00304585
0.000471459
4.8445e-05
3.52176e-06
2.5622e-07
1.11864e-08
2.38116e-10
0
temp:0  energy:1.8e+06  tempdep:0  nLegendre:16
0.607269
0.446714
0.366516
0.259635
0.0903708
0.0328387
0.00545129
0.000956467
0.000110583
9.44888e-06
7.93441e-07
5.06096e-08
2.13813e-09
8.25373e-11
1.72336e-12
0
temp:0  energy:2e+06  tempdep:0  nLegendre:16
0.646349
0.488867
0.389926
0.296095
0.121506
0.0463441
0.00884621
0.00173722
0.000226543
2.17447e-05
2.05481e-06
1.45883e-07
6.85723e-09
3.02019e-10
7.02704e-12
0
temp:0  energy:2.5e+06  tempdep:0  nLegendre:16
0.724825
0.563145
0.432093
0.351103
0.188162
0.0811372
0.0210824
0.00530647
0.000909356
0.000112124
1.35679e-05
1.21355e-06
7.21583e-08
4.26032e-09
1.24689e-10
0
temp:0  energy:3e+06  tempdep:0  nLegendre:16
0.777713
0.613753
0.471557
0.381885
0.235108
0.113334
0.0375869
0.011715
0.00254234
0.000388253
5.74396e-05
6.26929e-06
4.59703e-07
3.46623e-08
1.23299e-09
0
temp:0  energy:3.5e+06  tempdep:0  nLegendre:16
0.811472
0.653159
0.510293
0.406789
0.269894
0.142206
0.0568642
0.0213444
0.00567648
0.00106503
0.00018462
2.39959e-05
2.16326e-06
1.9815e-07
8.35365e-09
0
temp:0  energy:4e+06  tempdep:0  nLegendre:16
0.832911
0.684458
0.545664
0.430537
0.298887
0.168315
0.0772813
0.0338695
0.0107979
0.00246521
0.000484963
7.43042e-05
8.1912e-06
8.75959e-07
4.30551e-08
0
temp:0  energy:5e+06  tempdep:0  nLegendre:18
0.854401
0.724788
0.598886
0.474197
0.346848
0.21495
0.116508
0.0640022
0.0280755
0.00893703
0.00226731
0.000471122
7.82071e-05
1.19631e-05
1.3717e-06
1.13957e-07
4.59719e-09
0
temp:0  energy:6e+06  tempdep:0  nLegendre:18
0.861092
0.742652
0.631256
0.511618
0.386552
0.259769
0.155201
0.09833
0.0554169
0.0230275
0.0074558
0.00198019
0.000404777
7.70666e-05
1.07743e-05
1.15253e-06
5.78588e-08
0
temp:0  energy:8e+06  tempdep:0  nLegendre:20
0.856165
0.740824
0.649905
0.556006
0.451416
0.34606
0.245946
0.179579
0.135017
0.0838022
0.0409564
0.0155
0.00460042
0.0012625
0.00029979
5.80206e-05
9.67461e-06
1.03495e-06
7.17048e-08
0
temp:0  energy:1e+07  tempdep:0  nLegendre:20
0.842493
0.704658
0.608571
0.536843
0.464245
0.389899
0.317594
0.256863
0.216006
0.168786
0.107975
0.0541954
0.0222286
0.0080429
0.0024642
0.000657131
0.000158185
3.20721e-05
5.3105e-06
6.29712e-07
temp:0  energy:1e+07  tempdep:0  nLegendre:18
0.8515
0.7205
0.6276
0.5548
0.4793
0.4013
0.3252
0.2599
0.215
0.1678
0.1073
0.05397
0.02226
0.008122
0.002456
0.0006562
0.0001524
0
temp:0  energy:1.1e+07  tempdep:0  nLegendre:18
0.8565
0.7194
0.6202
0.5488
0.4818
0.4167
0.3525
0.2946
0.2494
0.2048
0.1436
0.08152
0.0384
0.0156
0.005304
0.001565
0.0004416
0.0001086
temp:0  energy:1.2e+07  tempdep:0  nLegendre:20
0.8668
0.7297
0.6251
0.5501
0.4863
0.4291
0.3733
0.3221
0.2772
0.2341
0.1753
0.1097
0.05757
0.02583
0.009768
0.003191
0.0009401
0.0002187
3.559e-05
0
temp:0  energy:1.3e+07  tempdep:0  nLegendre:20
0.88
0.7483
0.6411
0.561
0.4963
0.442
0.3906
0.3436
0.2991
0.2561
0.2005
0.135
0.07739
0.03806
0.01593
0.005792
0.001897
0.0005145
0.0001133
0
temp:0  energy:1.4e+07  tempdep:0  nLegendre:20
0.8936
0.7708
0.6644
0.5801
0.5125
0.4572
0.4069
0.3613
0.3168
0.273
0.2197
0.1561
0.09603
0.05123
0.02355
0.009471
0.003415
0.001044
0.0003082
6.816e-05
temp:0  energy:1.5e+07  tempdep:0  nLegendre:20
0.9061
0.7937
0.6909
0.6044
0.5333
0.4751
0.4236
0.3771
0.3317
0.2864
0.2345
0.1731
0.1126
0.06447
0.03228
0.01425
0.005615
0.001914
0.0006841
0.0002274
temp:0  energy:1.6e+07  tempdep:0  nLegendre:20
0.9171
0.8152
0.7177
0.6311
0.5571
0.4952
0.4411
0.3924
0.3452
0.2981
0.2465
0.1871
0.1272
0.07722
0.04167
0.01994
0.008457
0.003102
0.001135
0.0003543
temp:0  energy:1.7e+07  tempdep:0  nLegendre:20
0.9263
0.8344
0.7433
0.6581
0.5822
0.5169
0.4596
0.4079
0.3585
0.3092
0.2572
0.1994
0.1404
0.0896
0.05167
0.02665
0.01218
0.004856
0.001915
0.0006398
temp:0  energy:1.8e+07  tempdep:0  nLegendre:20
0.9341
0.851
0.7666
0.6842
0.6075
0.5393
0.4788
0.4239
0.3719
0.3205
0.2676
0.2108
0.1527
0.1016
0.06204
0.03424
0.01685
0.007292
0.003155
0.001188
temp:0  energy:1.9e+07  tempdep:0  nLegendre:20
0.9404
0.865
0.7872
0.7083
0.6319
0.5618
0.4985
0.4405
0.3858
0.3322
0.2781
0.2218
0.1645
0.1132
0.07245
0.04239
0.02221
0.01022
0.004462
0.001572
temp:0  energy:2e+07  tempdep:0  nLegendre:20
0.9453
0.8764
0.8047
0.7299
0.6548
0.5837
0.5181
0.4573
0.4001
0.3445
0.2891
0.2328
0.1762
0.1248
0.08304
0.05122
0.02859
0.01409
0.006602
0.002513
temp:0  energy:2.2e+07  tempdep:0  nLegendre:20
0.9521
0.8924
0.8309
0.7648
0.6944
0.6239
0.5557
0.491
0.4295
0.3702
0.3123
0.2553
0.1994
0.1476
0.1043
0.06998
0.0436
0.02427
0.01293
0.005569
temp:0  energy:2.4e+07  tempdep:0  nLegendre:20
0.9559
0.9013
0.8469
0.7886
0.7244
0.6569
0.5889
0.5225
0.4583
0.3965
0.3364
0.2783
0.2224
0.1703
0.1256
0.08949
0.0608
0.03752
0.02272
0.01102
temp:0  energy:2.6e+07  tempdep:0  nLegendre:20
0.9577
0.9056
0.8554
0.8034
0.7454
0.6824
0.6165
0.5505
0.4854
0.4222
0.3608
0.3018
0.2457
0.1935
0.1477
0.1097
0.07947
0.05323
0.03605
0.01917
temp:0  energy:2.8e+07  tempdep:0  nLegendre:20
0.9584
0.9068
0.8584
0.8108
0.7583
0.7004
0.6382
0.5742
0.5098
0.4466
0.385
0.3258
0.2696
0.2174
0.171
0.1313
0.09985
0.07132
0.05359
0.03105
temp:0  energy:3e+07  tempdep:0  nLegendre:20
0.9584
0.906
0.8576
0.8124
0.7642
0.7113
0.6534
0.5927
0.5305
0.4686
0.4079
0.3491
0.2935
0.2414
0.1951
0.1539
0.1215
0.091
0.0747
0.04651
