G4NDL
ENDF/B-VII.1
repFlag:1  targetMass:233.025  frameFlag:2
nEnergy:49
nRanges:1
49 2
temp:0  energy:1e-05  tempdep:0  nLegendre:2
0
0
temp:0  energy:1000  tempdep:0  nLegendre:4
0.001154
1.763e-06
-3.747e-07
-1.785e-06
temp:0  energy:5000  tempdep:0  nLegendre:4
0.006098
3.974e-05
-1.186e-08
4.078e-07
temp:0  energy:10000  tempdep:0  nLegendre:4
0.01259
0.0001521
1.567e-06
1.192e-07
temp:0  energy:50000  tempdep:0  nLegendre:6
0.06545
0.003277
6.037e-05
2.284e-06
1.028e-06
0
temp:0  energy:100000  tempdep:0  nLegendre:6
0.1249
0.01131
0.000468
7.512e-06
-1.05e-05
0
temp:0  energy:200000  tempdep:0  nLegendre:6
0.1962
0.03576
0.004635
0.0003901
-5.652e-06
-3.807e-06
temp:0  energy:300000  tempdep:0  nLegendre:6
0.2922
0.06844
0.0103
0.000919
1.36e-05
1.29e-05
temp:0  energy:400000  tempdep:0  nLegendre:8
0.3372
0.099
0.023
0.00317
3.833e-05
1.141e-05
3.487e-06
0
temp:0  energy:500000  tempdep:0  nLegendre:8
0.3929
0.1375
0.03917
0.006045
7.522e-05
4.34e-06
-1.453e-05
0
temp:0  energy:600000  tempdep:0  nLegendre:8
0.4204
0.1646
0.06107
0.01256
0.0004273
0.0001157
3.451e-06
0
temp:0  energy:800000  tempdep:0  nLegendre:8
0.4779
0.2261
0.1165
0.03142
0.001932
0.0005434
1.565e-05
-2.394e-05
temp:0  energy:1e+06  tempdep:0  nLegendre:8
0.5134
0.2771
0.1815
0.06202
0.005966
0.001729
0.0001699
2.368e-05
temp:0  energy:1.25e+06  tempdep:0  nLegendre:10
0.5436
0.3302
0.2461
0.115
0.02377
0.007671
0.001158
0.0001503
-8.932e-06
0
temp:0  energy:1.5e+06  tempdep:0  nLegendre:10
0.5719
0.3857
0.3145
0.1724
0.04336
0.01422
0.002265
0.0003334
1.991e-05
0
temp:0  energy:1.75e+06  tempdep:0  nLegendre:10
0.608
0.4349
0.3499
0.2226
0.07888
0.02884
0.006026
0.001116
0.0001016
-5.184e-06
temp:0  energy:2e+06  tempdep:0  nLegendre:10
0.6412
0.4801
0.3816
0.2688
0.1123
0.04264
0.009615
0.001898
0.0002317
3.185e-05
temp:0  energy:2.5e+06  tempdep:0  nLegendre:12
0.7114
0.5523
0.4247
0.3283
0.1783
0.07798
0.02289
0.005743
0.0009778
0.000157
1.867e-05
0
temp:0  energy:3e+06  tempdep:0  nLegendre:12
0.764
0.6052
0.4649
0.3667
0.2272
0.1114
0.03997
0.0124
0.00278
0.0005142
6.101e-05
0
temp:0  energy:3.5e+06  tempdep:0  nLegendre:12
0.7984
0.6447
0.5029
0.3963
0.2634
0.1406
0.05893
0.02204
0.006138
0.001305
0.0002157
4.784e-05
temp:0  energy:4e+06  tempdep:0  nLegendre:12
0.8198
0.6742
0.5368
0.4222
0.2927
0.1666
0.07873
0.03442
0.01153
0.002861
0.0005523
0.0001143
temp:0  energy:4.5e+06  tempdep:0  nLegendre:14
0.8297
0.6916
0.561
0.4431
0.3158
0.1888
0.09741
0.04882
0.0201
0.00613
0.001432
0.0003327
4.381e-05
0
temp:0  energy:5e+06  tempdep:0  nLegendre:14
0.8397
0.7094
0.5859
0.4649
0.3398
0.212
0.1169
0.06396
0.02917
0.0096
0.002369
0.0005663
7.848e-05
0
temp:0  energy:5.5e+06  tempdep:0  nLegendre:14
0.842
0.7158
0.5988
0.4802
0.3572
0.2316
0.1343
0.07952
0.04171
0.01597
0.004739
0.001305
0.0002336
6.24e-05
temp:0  energy:6e+06  tempdep:0  nLegendre:14
0.8441
0.7222
0.6124
0.4968
0.3761
0.253
0.1534
0.09673
0.05574
0.02316
0.007428
0.002153
0.0003937
9.293e-05
temp:0  energy:6.5e+06  tempdep:0  nLegendre:16
0.8435
0.7221
0.6161
0.5055
0.389
0.2703
0.1717
0.1133
0.07159
0.03503
0.01408
0.004916
0.00123
0.0003543
7.141e-05
0
temp:0  energy:7e+06  tempdep:0  nLegendre:16
0.8427
0.7216
0.6196
0.5147
0.4031
0.2893
0.1919
0.1317
0.0893
0.04849
0.0217
0.0081
0.002214
0.0006836
0.0001629
0
temp:0  energy:7.5e+06  tempdep:0  nLegendre:16
0.8418
0.721
0.6235
0.525
0.4189
0.3107
0.2148
0.1524
0.1093
0.06366
0.03029
0.01167
0.003303
0.001003
0.000229
3.4e-05
temp:0  energy:8e+06  tempdep:0  nLegendre:16
0.8408
0.7203
0.628
0.5367
0.4368
0.335
0.2407
0.1759
0.1319
0.08084
0.04
0.0157
0.004525
0.00138
0.0003354
7.585e-05
temp:0  energy:8.5e+06  tempdep:0  nLegendre:16
0.8393
0.7155
0.6224
0.5356
0.4419
0.3466
0.2575
0.1936
0.1499
0.09905
0.05414
0.02377
0.008239
0.002903
0.0008538
0.0002266
temp:0  energy:9e+06  tempdep:0  nLegendre:18
0.8376
0.71
0.6157
0.5333
0.4462
0.3578
0.2745
0.2118
0.1687
0.1184
0.06948
0.03266
0.01236
0.004593
0.001365
0.000363
8.632e-05
0
temp:0  energy:9.5e+06  tempdep:0  nLegendre:18
0.8359
0.7041
0.6086
0.5309
0.4509
0.3697
0.2927
0.2313
0.1887
0.1392
0.0859
0.04217
0.01678
0.006415
0.001961
0.0005341
0.0001293
0
temp:0  energy:1e+07  tempdep:0  nLegendre:18
0.834
0.6979
0.6009
0.5283
0.4558
0.3825
0.3122
0.2522
0.2102
0.1614
0.1035
0.05234
0.02151
0.008361
0.002596
0.000734
0.0002012
0
temp:0  energy:1.05e+07  tempdep:0  nLegendre:18
0.8377
0.7001
0.6004
0.5275
0.4578
0.3893
0.3238
0.2667
0.225
0.1774
0.1193
0.06484
0.02945
0.01245
0.004313
0.001323
0.0003955
9.117e-05
temp:0  energy:1.1e+07  tempdep:0  nLegendre:18
0.8419
0.7032
0.6006
0.5269
0.4595
0.3955
0.3346
0.2806
0.2391
0.1929
0.135
0.07754
0.03769
0.01675
0.006139
0.001986
0.0006229
0.000148
temp:0  energy:1.15e+07  tempdep:0  nLegendre:18
0.8462
0.7063
0.6007
0.5263
0.4612
0.4017
0.3454
0.2945
0.2532
0.2083
0.1507
0.09026
0.04595
0.02107
0.007983
0.002666
0.0008792
0.0002335
temp:0  energy:1.2e+07  tempdep:0  nLegendre:20
0.8504
0.7093
0.6008
0.5256
0.4628
0.4079
0.3562
0.3084
0.2674
0.2239
0.1664
0.103
0.05423
0.02539
0.009817
0.003343
0.001082
0.0003014
9.103e-05
0
temp:0  energy:1.25e+07  tempdep:0  nLegendre:20
0.8575
0.7198
0.611
0.5336
0.4699
0.4155
0.3651
0.3185
0.2774
0.234
0.1778
0.1145
0.06354
0.03141
0.01306
0.004827
0.001666
0.0004356
8.04e-05
0
temp:0  energy:1.3e+07  tempdep:0  nLegendre:20
0.8648
0.7307
0.622
0.5424
0.4773
0.423
0.3735
0.3279
0.2866
0.2433
0.1883
0.1255
0.07273
0.03751
0.01644
0.006459
0.002375
0.0007368
0.0002258
0
temp:0  energy:1.35e+07  tempdep:0  nLegendre:20
0.8717
0.7413
0.6326
0.5509
0.4845
0.4303
0.3816
0.337
0.2955
0.2523
0.1985
0.1361
0.08159
0.04339
0.0197
0.008026
0.003047
0.0009985
0.0003338
0
temp:0  energy:1.4e+07  tempdep:0  nLegendre:20
0.8785
0.7515
0.6428
0.559
0.4914
0.4372
0.3893
0.3457
0.304
0.2609
0.2083
0.1463
0.09007
0.04897
0.02275
0.00943
0.003598
0.001096
0.0003146
4.279e-05
temp:0  energy:1.45e+07  tempdep:0  nLegendre:20
0.885
0.7632
0.6568
0.5724
0.5032
0.4474
0.3983
0.3539
0.3113
0.2675
0.2154
0.1543
0.0977
0.05502
0.02692
0.01188
0.0048
0.001584
0.0005061
9.272e-05
temp:0  energy:1.5e+07  tempdep:0  nLegendre:20
0.8912
0.7747
0.6709
0.586
0.5153
0.4577
0.4073
0.3618
0.3183
0.2736
0.2219
0.1618
0.105
0.061
0.03115
0.01445
0.006128
0.002175
0.0008184
0.0002459
temp:0  energy:1.55e+07  tempdep:0  nLegendre:20
0.8972
0.7857
0.6843
0.599
0.5268
0.4675
0.4158
0.3694
0.3249
0.2795
0.2281
0.1689
0.112
0.06663
0.03512
0.01682
0.007302
0.002651
0.001003
0.0002936
temp:0  energy:1.6e+07  tempdep:0  nLegendre:20
0.903
0.7963
0.6971
0.6115
0.5378
0.4768
0.424
0.3766
0.3312
0.2851
0.2341
0.1757
0.1186
0.07205
0.03893
0.0191
0.008427
0.003104
0.001159
0.0003114
temp:0  energy:1.7e+07  tempdep:0  nLegendre:20
0.912
0.8145
0.7218
0.6383
0.5635
0.4993
0.443
0.3922
0.3441
0.2956
0.244
0.1867
0.1302
0.08278
0.04787
0.02542
0.01217
0.005025
0.002107
0.0006778
temp:0  energy:1.8e+07  tempdep:0  nLegendre:20
0.9204
0.8313
0.7449
0.6637
0.5878
0.5207
0.4611
0.4071
0.3562
0.3055
0.2533
0.197
0.141
0.09294
0.05644
0.03157
0.01587
0.006978
0.003154
0.001149
temp:0  energy:1.9e+07  tempdep:0  nLegendre:20
0.9264
0.8441
0.7639
0.6865
0.6115
0.5428
0.4805
0.4234
0.3696
0.3166
0.2631
0.2071
0.1516
0.1032
0.06569
0.03892
0.02092
0.009966
0.004643
0.001656
temp:0  energy:2e+07  tempdep:0  nLegendre:20
0.9319
0.8561
0.782
0.7084
0.6344
0.5643
0.4995
0.4393
0.3828
0.3276
0.2728
0.217
0.162
0.1134
0.07489
0.04634
0.02615
0.01317
0.006479
0.002495
